,date,amount,上涨数,涨幅>2%,涨幅中位,涨幅均值,新高,新低,>MA20,index
0,20171229,3656.40049203,0.7153846153846154,0.7144615384615385,0.61,0.7651292307692307,3135,3135,0.9649230769230768,1000.0
1,20180102,4452.3372426,0.7742233159027991,0.771762534604737,0.74,1.0246016610273765,2519,706,0.7751461088895725,1006.8756461538462
2,20180103,5313.629165290001,0.7045105860693465,0.7032832157103406,0.62,0.8865173366063209,2163,445,0.783369131635471,1015.7593183421016
3,20180104,4961.04029126,0.408044212465459,0.408044212465459,-0.18,0.1465336198956094,1250,612,0.6763893153208475,1023.4106134566106
4,20180105,4987.39888339,0.4753143207605029,0.474394357559031,0.0,0.1259552284575283,1069,600,0.619441888991107,1023.2393642136464
5,20180108,5581.92155024,0.4488044144696505,0.4478847332924586,-0.13,0.1918822808093194,958,665,0.5643776824034334,1023.8837759530776
6,20180109,4821.85360617,0.4007352941176471,0.4007352941176471,-0.25,0.0523560049019607,650,571,0.5254289215686274,1024.2005772697755
7,20180110,5160.49563082,0.2343032159264931,0.2336906584992343,-1.15,-0.7944410413476265,378,1085,0.3470137825421133,1023.1884418004092
8,20180111,4770.00140659,0.6517747858017136,0.651468788249694,0.49,0.7254895960832313,486,290,0.4464504283965728,1013.240793804063
9,20180112,4610.608789049999,0.313953488372093,0.3136474908200734,-0.51,-0.4401621787025704,331,689,0.3785189718482252,1019.3987120200428
10,20180115,5853.512097379999,0.1393217231897341,0.1387106630003055,-2.86,-2.5875190956309195,202,1850,0.1900397189123128,1014.5557415141452
11,20180116,5349.82305249,0.6794871794871795,0.6794871794871795,0.575,0.8713034188034188,379,692,0.2649572649572649,986.9216826367436
12,20180117,6096.53218018,0.5278117359413202,0.5278117359413202,0.17,0.1750916870415647,315,585,0.3047066014669927,994.0586236551874
13,20180118,4845.30731943,0.4631611128095383,0.4616325282788138,0.0,0.2208896361968816,307,495,0.3317028431672271,995.7738304924644
14,20180119,5410.84806985,0.3796155019835215,0.3796155019835215,-0.28,-0.1380805614891669,259,546,0.3176685993286542,996.8736110882236
15,20180122,5168.73017895,0.6553516819571865,0.6553516819571865,0.515,0.5564495412844036,346,268,0.3779816513761468,994.789743692936
16,20180123,5211.24437133,0.4819682151589242,0.4810513447432762,0.0,0.2491381418092909,307,251,0.4125916870415648,1000.1190787657072
17,20180124,6004.572286719999,0.6456236657517536,0.6453186947240013,0.45,0.7547514486123817,409,139,0.4867337602927722,1001.3649178100658
18,20180125,5809.839113110001,0.3910785212343415,0.3904674610449129,-0.25,-0.1589184234647113,237,136,0.4720439963336388,1007.3968969866722
19,20180126,5015.96764389,0.3480122324159021,0.3474006116207951,-0.37,-0.3043761467889908,241,280,0.427217125382263,1005.3371812320772
20,20180129,5548.50162988,0.2167789344764237,0.2167789344764237,-1.38,-1.2085548071034906,192,808,0.3061849357011635,1001.9473041595622
21,20180130,4373.85962323,0.4470300061236987,0.4454990814451929,-0.07,-0.1888273116962645,178,583,0.3092467850581751,988.9793266063292
22,20180131,4936.76203113,0.1640098099325567,0.1640098099325567,-2.5,-2.632271612507664,104,1493,0.199877375843041,987.6994523041856
23,20180201,5666.0866191000005,0.0905463474524248,0.0905463474524248,-4.37,-4.22658379373849,48,2174,0.1095764272559852,962.3537430004347
24,20180202,4624.182495120001,0.3733665214685749,0.372744243932794,-0.64,-0.8171935283136279,88,1609,0.1163658991910392,920.9889700458292
25,20180205,4471.18959392,0.3332280480101074,0.3325963360707517,-0.66,-0.7729406190777006,125,1507,0.1200252684775742,914.2786742118342
26,20180206,5590.68702536,0.0341772151898734,0.0338607594936708,-6.04,-5.809604430379746,19,2410,0.0642405063291139,907.728138964661
27,20180207,5261.52611932,0.670266836086404,0.6699491740787802,0.76,0.541902795425667,37,742,0.0692503176620076,853.9470420793809
28,20180208,4116.16387967,0.8167356029271396,0.8167356029271396,1.35,1.3987718740057271,36,189,0.0687241489023226,859.505822285524
29,20180209,4936.27841455,0.0771673547157827,0.0771673547157827,-3.32,-3.4057192759606227,16,1605,0.0400127024452207,871.318749434737
30,20180212,3494.3161543,0.9387045813586098,0.9387045813586098,2.51,2.736767772511848,49,101,0.0714060031595576,842.0175228918415
31,20180213,3468.9707269000005,0.4864438839848676,0.4861286254728877,0.0,0.0832187894073139,36,128,0.0800756620428751,864.1068749068373
32,20180214,2367.03270048,0.559322033898305,0.5590081607030759,0.19,0.2156057752667922,31,153,0.0903954802259887,864.4664245470788
33,20180222,3250.04690567,0.9346262120738192,0.9346262120738192,1.57,1.886224585548952,66,29,0.1448232718173287,866.2195874186814
34,20180223,3323.98147347,0.5726762320648784,0.5723643169058016,0.23,0.4999033063006861,34,35,0.1621958827199001,881.1888345912839
35,20180226,4669.56310407,0.9596523898199876,0.9590316573556796,2.17,2.545,109,15,0.3128491620111732,884.404747810501
36,20180227,4607.6241748600005,0.4784896316929743,0.4781801299907149,0.0,0.3256515010832559,85,29,0.3670690188796038,905.2545897401336
37,20180228,4246.34274475,0.4383137011779293,0.4383137011779293,-0.11,0.067160570365778,83,29,0.4318040917544947,906.7285773201904
38,20180301,4322.21716882,0.8203537077257214,0.8200434377908781,1.09,1.5879615265280795,136,20,0.6338814768848898,906.5343586447632
39,20180302,4165.93876018,0.2983920841063698,0.2983920841063698,-0.73,-0.477473716759431,77,35,0.650278293135436,918.6726793193956
40,20180305,3861.39539369,0.6016109045848823,0.6013011152416357,0.37,0.7680885997521686,123,35,0.7320322180916976,913.12631374648
41,20180306,4980.87058999,0.7745432022297926,0.774233508826262,0.9,1.2212016104056984,119,18,0.8457726850418086,918.3224069855228
42,20180307,4282.71880901,0.2734302505412929,0.2725023198267862,-0.89,-0.5397092483761213,77,31,0.8283328178162698,928.0621418283694
43,20180308,4028.1893228199992,0.7173374613003096,0.7167182662538699,0.62,1.0823312693498452,118,20,0.8634674922600619,921.4278466921704
44,20180309,5117.56321749,0.8443688118811881,0.8443688118811881,1.37,1.7407797029702972,215,9,0.9016089108910892,929.2707238715394
45,20180312,6066.63556816,0.8550231839258114,0.8544049459041732,1.15,1.5775115919629057,322,6,0.923338485316847,943.72450640346
46,20180313,5021.19676098,0.2906220984215413,0.2903125967192819,-0.77,-0.5519746208604147,151,12,0.9139585267718972,956.5946040576345
47,20180314,4455.58320336,0.2136222910216718,0.2130030959752322,-1.16,-1.0507739938080496,52,16,0.8854489164086687,950.2716351125534
48,20180315,4350.03787816,0.2944084028421377,0.2940994748223663,-0.92,-0.8973679332715476,82,33,0.7964164349706518,939.767456022752
49,20180316,3958.05882949,0.4083333333333333,0.4080246913580247,-0.2,-0.0184382716049382,84,48,0.7339506172839506,931.2279398262124
50,20180319,3966.66413823,0.5738513721862473,0.5735430157261795,0.31,0.5156059204440333,113,62,0.7243293246993524,930.2108607179832
51,20180320,4019.68235327,0.5047854276011114,0.5044766903365236,0.06,0.4339981475764125,127,47,0.6863229391787589,934.0507986873336
52,20180321,4813.067593670001,0.3092815294480419,0.3092815294480419,-0.62,-0.5210669133518347,76,71,0.6265803268578477,936.3578955088028
53,20180322,4236.3714057,0.4773497688751926,0.4773497688751926,0.0,0.2433189522342064,102,82,0.5802773497688752,931.0156604406984
54,20180323,6347.93983359,0.06,0.0596923076923076,-6.29,-5.744766153846153,37,497,0.1615384615384615,932.148329215759
55,20180326,4706.71303962,0.7508458935712089,0.7502306982466933,1.37,1.562082436173485,98,232,0.2079360196862504,876.0573934017086
56,20180327,5401.493895750001,0.946070878274268,0.946070878274268,2.41,2.784329738058552,168,25,0.3624036979969183,888.9007558830739
57,20180328,4996.34678397,0.3322023442319556,0.3322023442319556,-0.69,-0.4803392967304133,99,163,0.3442319555829735,911.9869740354048
58,20180329,4787.1197269,0.7600246761258482,0.7594077729796422,0.95,1.0785194324491054,76,26,0.4108574953732264,906.6503030663054
59,20180330,4965.69710868,0.771243842364532,0.771243842364532,1.13,1.6304433497536948,237,32,0.5280172413793104,915.8460918573348
60,20180402,5743.05675493,0.4920049200492005,0.4916974169741697,0.0,0.5048277982779827,236,54,0.5535055350553506,928.4867981256624
61,20180403,4827.8520485300005,0.2674454349830925,0.2668306178911774,-1.31,-0.7856686135874577,148,144,0.4767906547802029,930.830427855802
62,20180404,4717.65642042,0.335995085995086,0.3353808353808354,-0.54,-0.4143335380835381,123,150,0.4419533169533169,921.0768672946542
63,20180409,4365.86027294,0.4878498923408182,0.4878498923408182,0.0,0.4223223623500461,148,148,0.4395570593663488,916.6817945665932
64,20180410,4850.3354466,0.5638820638820639,0.5635749385749386,0.32,0.2357186732186732,113,43,0.4551597051597051,918.6174706716164
65,20180411,4814.37103949,0.6378992628992629,0.6369778869778869,0.46,0.8297420147420147,143,27,0.5377764127764127,921.1699350816018
66,20180412,4285.38820287,0.2987132352941176,0.2987132352941176,-0.81,-0.5143627450980391,126,66,0.5024509803921569,927.1102929215614
67,20180413,3961.79193052,0.381010719754977,0.3797856049004594,-0.28,-0.3064777947932618,84,83,0.4872894333843798,920.97114125885
68,20180416,4504.57738491,0.305334150827713,0.3050275904353157,-1.045,-0.7248651134273452,127,254,0.4221336603310852,918.2704956388816
69,20180417,4661.578472759999,0.1263803680981595,0.1260736196319018,-2.19,-2.3231257668711653,42,425,0.25920245398773,910.144421064277
70,20180418,4942.2560321,0.7213517665130569,0.7210445468509985,0.99,1.201956989247312,106,187,0.3228878648233487,889.6064398728809
71,20180419,4829.43653225,0.5205773955773956,0.5202702702702703,0.12,0.3232340294840294,99,90,0.3568796068796069,899.3563351406748
72,20180420,4471.19382129,0.1124769514443761,0.1124769514443761,-2.53,-2.5100891210817453,46,510,0.2249539028887523,901.3494618025068
73,20180423,3936.28577646,0.389690088984351,0.3893832463945996,-0.45,-0.6933476526541885,41,426,0.194538201902424,878.6350537188883
74,20180424,4522.0589930900005,0.9404907975460124,0.9404907975460124,2.095,2.469211656441718,116,34,0.3147239263803681,873.6121270878425
75,20180425,4193.74389878,0.5252679938744257,0.5252679938744257,0.15,0.5187289433384379,127,80,0.3424196018376723,893.5488803561584
76,20180426,4248.38898281,0.1188361408882082,0.1188361408882082,-2.12,-2.0990137825421136,61,427,0.2398162327718223,896.5365903490674
77,20180427,4118.907331969999,0.59339651482727,0.5930907979211251,0.37,0.1604616325282788,88,229,0.2561907673494344,877.6240891928874
78,20180502,3850.13846392,0.3997551270278543,0.3994490358126721,-0.45,-0.5430272421181512,95,380,0.2503826140189776,879.9518187283845
79,20180503,4072.59050262,0.7135448444173277,0.7135448444173277,0.83,1.1603935326418549,94,151,0.3071995118974985,875.582738089641
80,20180504,3602.71024824,0.3863289594140983,0.3863289594140983,-0.29,-0.1681080256332011,100,190,0.3240768996032957,884.2965091855734
81,20180507,4216.94537531,0.9299207800121876,0.9293113954905544,1.57,1.9357068860450943,220,25,0.4680073126142596,882.2709925460867
82,20180508,4435.29308009,0.6582317073170731,0.6579268292682927,0.47,0.8535609756097561,146,29,0.5551829268292683,897.7359100157199
83,20180509,3824.06638399,0.4390243902439024,0.4390243902439024,-0.13,0.1796280487804878,109,41,0.5807926829268293,903.6769511002216
84,20180510,4125.09224429,0.5984779299847793,0.5975646879756469,0.32,0.646779299847793,164,36,0.6395738203957382,903.9011897192764
85,20180511,4139.641375499999,0.2100303951367781,0.2094224924012158,-1.24,-1.1879483282674772,75,63,0.5519756838905775,908.2705545159184
86,20180514,4070.50307148,0.3110773899848255,0.3110773899848255,-0.7,-0.6602336874051594,80,137,0.4907435508345978,897.244384643661
87,20180515,3779.05029348,0.7632776934749621,0.7629742033383915,0.94,1.237845220030349,124,54,0.6051593323216995,891.1420744545238
88,20180516,4016.91367223,0.3065980629539951,0.3062953995157385,-0.745,-0.4438347457627118,118,122,0.5590193704600485,900.8459219906172
89,20180517,3569.3670707700003,0.3884522370012092,0.3884522370012092,-0.29,-0.146384522370012,68,149,0.5272067714631197,895.4911373274118
90,20180518,3760.087169500001,0.6414752116082225,0.6408706166868199,0.455,0.549800483675937,77,59,0.5840386940749698,893.5372449661659
91,20180521,4609.85175257,0.8420096852300242,0.8420096852300242,1.13,1.4458625907990317,133,13,0.7191283292978208,898.0263782457881
92,20180522,4380.62990676,0.5584140435835351,0.5584140435835351,0.24,0.638386803874092,171,24,0.7318401937046005,909.5923410121584
93,20180523,4605.31191705,0.2011494252873563,0.2011494252873563,-1.31,-1.079697519661222,100,96,0.617059891107078,913.5872105584089
94,20180524,3820.18692234,0.3815869170199878,0.3800726832222895,-0.3,-0.1352241066020593,108,121,0.5663234403391884,902.6712251030804
95,20180525,3983.10690424,0.2910741301059001,0.2907715582450832,-0.94,-0.7716883509833585,88,231,0.4683812405446294,900.7069037155761
96,20180528,3978.09292216,0.2998188405797101,0.2998188405797101,-0.985,-0.9146739130434784,139,328,0.3798309178743961,892.9982561418749
97,20180529,4074.11855446,0.3041112454655381,0.3038089480048367,-0.67,-0.8597762998790811,51,339,0.3234582829504232,884.5162286839446
98,20180530,4377.80950404,0.0862590799031477,0.085956416464891,-4.035,-4.059294794188862,31,848,0.1368038740920097,877.750668866449
99,20180531,4069.68188011,0.8839745531657074,0.8839745531657074,1.53,1.8434656164798544,107,113,0.2020599818236897,842.2268055184416
100,20180601,3752.62664401,0.2768019382192611,0.2764990914597214,-0.81,-0.9973682616596002,33,298,0.1768625075711689,856.4329213669122
101,20180604,3454.650395910001,0.4576783555018138,0.4573760580411125,0.0,-0.2550453446191052,41,325,0.1732164449818621,848.6934729653174
102,20180605,3705.29448087,0.8722440350347327,0.8716399879190577,1.44,1.7246028390214436,87,68,0.2385986106916339,847.6111963688752
103,20180606,3597.6110738900006,0.4773276904474002,0.4773276904474002,0.0,0.305012091898428,93,108,0.2672309552599758,861.0229603609517
104,20180607,3599.2259074800004,0.2383403997577226,0.2380375529981829,-1.02,-0.8805632949727438,37,207,0.243488794669897,862.336072432513
105,20180608,3538.95239983,0.2293939393939394,0.2287878787878788,-1.39,-1.1040515151515151,41,570,0.203030303030303,854.1414509965321
106,20180611,3207.00046827,0.3030852994555354,0.3024803387779794,-0.69,-0.7030399274047187,39,563,0.1778584392014519,843.490087096474
107,20180612,3508.41988565,0.690260133091349,0.690260133091349,0.65,0.7579098608590441,59,192,0.2084089534180278,837.6150102479967
108,20180613,3426.9494161600005,0.1296856106408706,0.1293833131801693,-1.93,-1.8812484885126963,35,703,0.1562877871825876,843.5114424106551
109,20180614,3171.71029094,0.3915279878971255,0.3912254160363086,-0.24,-0.383391830559758,28,594,0.1594553706505295,827.4372838610013
110,20180615,3557.7905609000004,0.1484848484848485,0.1481818181818182,-2.5,-2.5156848484848484,21,973,0.1139393939393939,824.8581956457039
111,20180619,4731.50038927,0.0325822168087697,0.0325822168087697,-8.86,-7.470840438489646,9,1804,0.0450669914738124,804.1720518754603
112,20180620,3479.77365141,0.7396593673965937,0.7390510948905109,1.24,1.1537895377128955,25,525,0.0690389294403893,738.5080245541055
113,20180621,3561.3170679999994,0.1417706114998478,0.1417706114998478,-2.68,-2.8421417706115,11,1477,0.0599330696683906,747.3471884675787
114,20180622,2991.31736645,0.8480704952901853,0.8477666362807658,1.58,1.6046490428441205,19,185,0.0741415982983895,726.7124028346493
115,20180625,3077.23673662,0.3705275924802911,0.3693147362037599,-0.37,-0.2474620982413583,18,445,0.0748938750758035,738.2840226252009
116,20180626,3256.39028959,0.7341005451241672,0.7331920048455481,1.08,1.156038764385221,26,264,0.0838885523924894,736.0047106166597
117,20180627,3260.3519112600006,0.3085748792270531,0.3079710144927536,-0.57,-0.4997765700483092,18,372,0.0803140096618357,744.2333859352045
118,20180628,3059.57779896,0.2134458848356949,0.2134458848356949,-1.02,-1.1028911667169128,18,589,0.0693397648477539,740.2525687405985
119,20180629,3429.10089615,0.9684115523465704,0.9684115523465704,2.8,3.069548736462094,33,30,0.1398916967509025,732.3951905440039
120,20180702,3574.47012386,0.1814092953523238,0.1811094452773613,-1.64,-1.3692263868065966,29,290,0.1352323838080959,753.8893368702462
121,20180703,3937.04525372,0.8185351270553064,0.818236173393124,1.55,1.5853452914798205,34,127,0.1949177877428998,742.5462184440358
122,20180704,3295.27082813,0.137219730941704,0.137219730941704,-1.95,-1.960080717488789,15,323,0.1467862481315396,754.1869123925592
123,20180705,3153.30704734,0.0901761719916393,0.0895789787996416,-2.76,-2.782845625559869,12,967,0.0934607345476261,739.4422538749164
124,20180706,3562.3022992,0.6207823230815168,0.6198865332935205,0.5,0.467240967452971,10,500,0.1251119737234995,718.949182563693
125,20180709,3257.6731455900003,0.930911256700417,0.930911256700417,2.04,2.288371054198928,30,53,0.2468731387730792,722.426168078155
126,20180710,3260.57855577,0.6885782272456871,0.6882807852468769,0.58,0.972239738251041,35,60,0.3566329565734681,738.0608106516818
127,20180711,3410.60393752,0.106547619047619,0.106547619047619,-2.77,-2.514351190476191,28,594,0.2324404761904762,743.7890472493783
128,20180712,4156.799021100001,0.96605122096486,0.9657534246575342,2.56,2.7645116140559858,52,19,0.4874925550923168,724.1368345629013
129,20180713,3660.03211572,0.5054977711738484,0.5052005943536404,0.09,0.2952243684992571,63,51,0.5845468053491828,743.4152094918808
130,20180716,3253.1538327,0.4386484884410195,0.4380557202133965,-0.13,-0.0034262003556609,61,99,0.6081802015411973,744.847117764927
131,20180717,3085.7082353499995,0.4931872037914692,0.4928909952606635,0.0,0.309324644549763,44,82,0.6205568720379147,744.3502071610808
132,20180718,3373.0378486399995,0.3154779520568215,0.315182006510802,-0.57,-0.4415655519384434,36,114,0.5963302752293578,745.501436477334
133,20180719,3108.82891705,0.212363206152026,0.2120674356699201,-1.38,-1.221573498964803,24,270,0.4267968056787932,741.7308186170285
134,20180720,3482.528283,0.8132939438700147,0.8129985228951255,1.1077,1.2099060265878878,32,60,0.5760709010339734,732.0824824116308
135,20180723,4108.66166318,0.7096869462492617,0.7096869462492617,0.87685,0.7604667454223272,49,64,0.6482575310100414,740.5658762776139
136,20180724,4926.5965420600005,0.8771048744460856,0.8771048744460856,1.5839,1.8279662924667648,40,14,0.7884785819793205,746.6285808292024
137,20180725,3971.79691228,0.4297520661157025,0.429456906729634,-0.1508499999999999,0.1787069952774498,32,16,0.7995867768595041,759.3655652688196
138,20180726,3801.59248639,0.4446739451165535,0.4446739451165535,-0.1833,-0.1168065210976689,20,23,0.7438772499262319,759.4713334836474
139,20180727,3105.96690676,0.3071702567128946,0.3065801121274712,-0.698,-0.5861171437002066,26,44,0.6937149601652405,758.3317219848215
140,20180730,3265.5872680500006,0.2126216455322913,0.2126216455322913,-1.6827,-1.542696844588617,23,137,0.5349454438218815,753.4627881607594
141,20180731,2730.60232745,0.5622974963181149,0.5622974963181149,0.2252,0.1674356111929307,21,81,0.5540500736377025,741.311705663516
142,20180801,3283.61950655,0.1359223300970873,0.1359223300970873,-1.7751,-1.6458821712268314,11,281,0.4177699323330391,742.7670325367043
143,20180802,3789.993184980001,0.1258453396059982,0.1258453396059982,-3.1353,-2.7680083210820343,18,774,0.1872978535724787,730.0620686582886
144,20180803,2846.09355296,0.2361233480176211,0.2361233480176211,-1.0283,-1.178548281938326,10,883,0.1706314243759177,708.5131612342044
145,20180806,2907.5817223300005,0.1663732394366197,0.1660798122065727,-1.76245,-2.0375346244131456,7,1238,0.1252934272300469,700.6952559712024
146,20180807,3164.971188290001,0.9566363902724876,0.9563433929094638,2.5948,2.7048236741869323,23,57,0.2212130090829182,687.3820999757534
147,20180808,3051.25404136,0.1753151568454998,0.1753151568454998,-1.5098,-1.577563705658165,14,491,0.1920257988859572,705.5964322269725
148,20180809,3469.0423119200004,0.93641957222385,0.93641957222385,1.9521,2.2504093759156167,27,32,0.2965133313800175,694.7042681484753
149,20180810,2881.35861703,0.6448871960152358,0.6445941986522121,0.4132,0.662205127453853,24,39,0.3196601230588924,709.3017741503882
150,20180813,3005.16894385,0.4708467623791386,0.4708467623791386,0.0,0.3044123351889833,37,63,0.3243480808672722,713.1157079745553
151,20180814,2684.56325642,0.4222547584187408,0.4222547584187408,-0.1366,-0.0278859736456808,22,54,0.3209370424597365,714.2011140641777
152,20180815,2778.67662478,0.0845771144278607,0.0845771144278607,-2.1248,-1.9687606672519755,10,253,0.1834942932396839,713.6137337360492
153,20180816,2705.7437395,0.2174422007609013,0.2171495463857184,-0.9455,-1.0309699443956688,10,443,0.1296458882060286,699.0076281758857
154,20180817,2653.8410056700004,0.1148786904413914,0.1145863782519731,-1.7544,-1.8669048231511247,12,912,0.0844782227418883,692.0997903359209
155,20180820,2646.04428491,0.6247079439252337,0.6247079439252337,0.5634,0.549585105140187,13,479,0.1179906542056074,679.5682687916942
156,20180821,2807.09734055,0.7988908347927612,0.7988908347927612,0.81115,1.1118181260945708,10,113,0.1786339754816112,683.3500155971494
157,20180822,2292.03114293,0.1809690601284296,0.1806771745475773,-1.233,-1.1899639813193228,8,556,0.1552831290134267,689.9203170919471
158,20180823,2520.83692693,0.673481308411215,0.673481308411215,0.4599999999999999,0.6621595794392524,8,170,0.2041471962616822,681.5620567004762
159,20180824,2390.70795142,0.3623103850641773,0.3620186697782964,-0.2853,-0.2660005250875146,13,276,0.2149941656942823,685.3861636550199
160,20180827,3231.18294087,0.9513261439813464,0.9513261439813464,1.7544,2.048855610609152,28,21,0.4272806761877004,683.4968948954663
161,20180828,2912.86249569,0.4646288209606987,0.4643377001455604,0.0,0.1855250946142649,30,43,0.4911208151382824,696.494461897192
162,20180829,2462.11402237,0.2660844250363901,0.2657933042212518,-0.6418,-0.5358333333333334,18,110,0.4526928675400291,697.1405479019008
163,20180830,2533.27261852,0.1233633983124818,0.1230724469013674,-1.6129,-1.5917899912714577,8,429,0.2947337794588304,693.0356681657631
164,20180831,2483.89009415,0.2093631869729572,0.208781622564699,-0.9772,-1.1129899970921775,10,736,0.2271009014248328,681.9308458189383
165,20180903,2429.06699599,0.4161580935774484,0.4158674803836094,-0.243,-0.1233417320546352,21,732,0.2266782911944202,674.8040206557415
166,20180904,2677.7368552400003,0.8396281231841952,0.8396281231841952,1.00555,1.2613211795467751,28,88,0.3274259151656014,673.5679762871192
167,20180905,2586.27219455,0.137670636073192,0.137670636073192,-1.4331,-1.3156718268951495,19,620,0.2224803950043566,681.2024354516739
168,20180906,2494.2630197000003,0.3221963974433469,0.3221963974433469,-0.42135,-0.319420801859384,14,676,0.2205113306217315,671.8400851367643
169,20180907,2719.44487513,0.5516138412329166,0.5516138412329166,0.2088,0.2804178540273335,12,349,0.2489095667345158,669.351687543824
170,20180910,2476.90272477,0.1212914485165794,0.1212914485165794,-1.91655,-1.9270477894124487,12,1173,0.1620127981384526,670.9889815246728
171,20180911,2209.97480451,0.5809357744841616,0.5809357744841616,0.3012,0.2635331880267364,12,555,0.1880267364138332,658.093922694131
172,20180912,2176.62895183,0.516560139453806,0.5162696106914585,0.1115,0.1130554038349796,16,376,0.2004648460197559,659.9521600890514
173,20180913,2607.79929216,0.7776167004928964,0.7776167004928964,0.7663,0.8769948100898812,28,139,0.2824006958538707,660.6931392081542
174,20180914,2507.48522286,0.2263768115942029,0.2263768115942029,-0.84045,-1.0282058550724638,11,417,0.2298550724637681,666.1217072417679
175,20180917,2067.88410148,0.1583067555813279,0.1583067555813279,-1.6667,-1.686965323282111,10,1130,0.15656712090461,659.897946099627
176,20180918,2535.73277347,0.9015348971908486,0.9015348971908486,1.6071,1.800864407761367,17,83,0.2696206197509412,648.8325618059299
177,20180919,3197.8090083,0.8035921205098494,0.8035921205098494,0.81365,1.12695,29,43,0.3838354577056778,659.8885531920861
178,20180920,2504.06028573,0.3326577880718008,0.3326577880718008,-0.3653,-0.2117092646207296,19,95,0.3731905037637522,666.2914518237089
179,20180921,3213.57942926,0.8568950563746748,0.8568950563746748,1.1433,1.29230381613183,34,29,0.5429314830875975,664.3691701205096
180,20180925,2422.9423212,0.3125541125541125,0.3125541125541125,-0.4598,-0.3103806926406926,36,46,0.5174603174603175,672.4598705508388
181,20180926,3102.17172606,0.5227797001153403,0.5227797001153403,0.117,0.4410372260668974,48,42,0.5767012687427913,669.8702925064692
182,20180927,2859.08745845,0.1392332084174113,0.13894494090516,-1.7652,-1.8017564427788988,31,355,0.3681176131449986,671.739355305744
183,20180928,2629.78851182,0.7959066013260305,0.7959066013260305,0.8287,0.963224185644278,47,87,0.4923609109253387,659.7590301993641
184,20181008,2886.39783655,0.0562770562770562,0.0562770562770562,-3.376,-3.376485367965368,11,1054,0.2083694083694083,665.6702210139215
185,20181009,2316.63107662,0.5887769784172662,0.5887769784172662,0.3072,0.3689163741007194,22,481,0.2322302158273381,643.1955788774876
186,20181010,2358.69535908,0.5580459770114943,0.5577586206896552,0.2306,0.3666283333333333,23,362,0.282183908045977,645.3699541906288
187,20181011,3581.9473701700003,0.0207015526164462,0.0207015526164462,-8.9536,-7.589931943645772,4,2301,0.0687176538240368,647.2971203012523
188,20181012,3086.7684075800003,0.3480758184951177,0.3480758184951177,-1.0681,-0.9011609132682366,7,1835,0.0939115450890293,593.7542173675839
189,20181015,2386.22279301,0.2201149425287356,0.2201149425287356,-1.2564,-1.2400858908045975,11,1809,0.0784482758620689,587.9079325058332
190,20181016,2358.60215521,0.1589670014347202,0.1589670014347202,-1.8325,-1.930488923959828,8,2071,0.0605451936872309,580.5694132128685
191,20181017,2583.61367492,0.7344422139374821,0.7344422139374821,1.0336,0.94000008603384,5,496,0.0688270719816461,569.6460318553192
192,20181018,2395.60209244,0.0780935974734424,0.0780935974734424,-2.9762,-3.1807046511627908,4,2025,0.0364628194085558,575.2672991427116
193,20181019,2868.19895747,0.889367816091954,0.889367816091954,2.08795,2.131499511494253,7,200,0.0660919540229885,557.5579695939435
194,20181022,4217.24501668,0.99568345323741,0.99568345323741,4.6957,5.041663913669065,25,10,0.1979856115107913,569.320908106108
195,20181023,3574.50924854,0.1846950517836594,0.1846950517836594,-1.59255,-1.250647899884925,14,56,0.1553509781357882,597.0393324355567
196,20181024,2969.97997336,0.5175489067894131,0.5172612197928653,0.1175,0.1860355868814729,14,70,0.1639815880322209,588.5518275549094
197,20181025,2924.18846689,0.2952188940092166,0.2952188940092166,-0.8333,-0.6208530241935485,24,181,0.1621543778801843,589.4450596768446
198,20181026,2824.82465927,0.627230857800806,0.627230857800806,0.5200499999999999,0.5397317789291882,19,101,0.1871042026482441,585.1593430962195
199,20181029,2552.6558445,0.1818442976156277,0.1818442976156277,-1.335,-1.3837057742028152,10,284,0.1620224073542085,588.2600491441373
200,20181030,3107.70032992,0.7902439024390244,0.7902439024390244,1.087,1.2732361262553802,22,117,0.2510760401721664,580.2635191824323
201,20181031,3147.06403503,0.8614942528735632,0.8612068965517241,1.27305,1.5829118103448276,19,22,0.4275862068965517,587.1113137860447
202,20181101,3831.52855907,0.5519816197587594,0.5516944284893739,0.22435,0.5577030155083285,13,16,0.5327398047099369,595.4951512390163
203,20181102,4510.251113300001,0.9732988802756244,0.9732988802756244,2.4217,2.8163573930519665,34,6,0.830318690783807,597.8236951327516
204,20181105,3934.00184525,0.6029201259662181,0.6029201259662181,0.4745,0.8611589178356712,44,5,0.8674491840824506,613.4808692629105
205,20181106,3137.72006944,0.3422107674684994,0.3422107674684994,-0.533,-0.2394380870561283,37,15,0.8479381443298969,617.5778752326734
206,20181107,3388.40787825,0.3352402745995423,0.3352402745995423,-0.43455,-0.2134250572082379,34,13,0.8549771167048055,615.1926718699087
207,20181108,2964.8191225600003,0.3735352957987997,0.3735352957987997,-0.3681,-0.0816357816519005,33,18,0.8282366390397257,613.1995243361638
208,20181109,2741.68355039,0.3816728518412789,0.3816728518412789,-0.3155,-0.1469733942335141,36,34,0.7987439337710533,611.8206354992343
209,20181112,3390.7183282,0.9657827202737382,0.9657827202737382,2.746,2.983295380667237,85,5,0.8785286569717707,610.4058816694271
210,20181113,4553.25206988,0.8646337988030778,0.8646337988030778,1.7065,2.045899173553719,134,5,0.9062410943288686,627.8918596603309
211,20181114,4107.527674800001,0.3923076923076923,0.3923076923076923,-0.28735,-0.001982621082621,91,10,0.8948717948717949,639.6723641366834
212,20181115,4037.00098096,0.8645803698435277,0.8642958748221906,1.5094,1.9489570981507824,166,7,0.9143669985775248,638.7469737279346
213,20181116,4754.35866205,0.6302186878727635,0.6299346776483954,0.5141,1.0616237148537349,229,9,0.9150809429139448,649.7920493805062
214,20181119,4399.61056975,0.5089463220675944,0.5086623118432264,0.1068,0.4934922465208747,217,8,0.919625106503834,654.9115130901677
215,20181120,4217.3106042,0.0979835274069866,0.0979835274069866,-2.9304,-2.681585941493894,46,14,0.852882703777336,656.877204607494
216,20181121,3470.33194304,0.6639204545454546,0.6639204545454546,0.67075,0.881407471590909,73,18,0.8352272727272727,638.4452764197687
217,20181122,3051.9673661300003,0.4578723404255319,0.4578723404255319,0.0,0.1590899574468084,68,15,0.8235460992907802,643.400114449753
218,20181123,3582.70927118,0.0433796427558831,0.0433796427558831,-4.6226,-4.468248029486816,20,81,0.3872979869577544,643.9119069338984
219,20181126,2548.28807728,0.4273964832671582,0.4273964832671582,-0.19555,-0.2830176687464549,24,107,0.3369256948383437,614.6433804823328
220,20181127,2509.21391,0.6736603345619506,0.6733768074851149,0.6061,0.8037602495038277,28,33,0.3802098100368585,613.1726382337935
221,20181128,2921.70410952,0.7795698924731183,0.7795698924731183,1.0345,1.2123780418788908,39,15,0.4801924165251839,617.4950768774396
222,20181129,3104.45555576,0.0919637804187889,0.0919637804187889,-2.6289,-2.4826203735144308,30,131,0.2246745897000566,624.4322575234609
223,20181130,2669.53649649,0.658750353406842,0.658750353406842,0.6146,0.7111482329657903,39,54,0.2584110828385637,608.473266492407
224,20181203,4247.64271505,0.985871715173778,0.985871715173778,2.9605,3.23103741169822,98,4,0.5976264481491946,612.5066782817031
225,20181204,3301.21153794,0.6930245693306976,0.6927421632307258,0.5917,0.889619175374188,93,7,0.6693024569330698,631.4684683491839
226,20181205,3220.92988147,0.249929398475007,0.249929398475007,-1.0152,-0.7536972606608302,82,11,0.5413724936458627,636.1455001032331
227,20181206,3107.9503867400003,0.126764539808018,0.126764539808018,-1.82755,-1.7519599661208356,40,33,0.3043478260869565,630.5191199406614
228,20181207,2408.41199554,0.5207334273624824,0.5204513399153737,0.1225,0.1404659520451339,53,35,0.308885754583921,619.2343725723747
229,20181210,2405.71450135,0.2149901380670611,0.2149901380670611,-1.4225,-1.2624214708368555,45,102,0.218371372217526,620.0485603539876
230,20181211,2183.4945894400003,0.7252468265162201,0.7252468265162201,0.6612,0.9405282651622004,55,30,0.277574047954866,611.7246518907081
231,20181212,2225.85106173,0.4588500563697858,0.4588500563697858,0.0,0.0613229706877113,43,34,0.290586245772266,616.6237352178573
232,20181213,3047.1291136099994,0.7418991265145112,0.7418991265145112,0.6977,0.8957298112144265,60,17,0.4054663285432516,616.8128012140578
233,20181214,2918.9754345,0.070160608622147,0.070160608622147,-2.6565,-2.554647900817132,20,124,0.2223161453930684,621.7270407410236
234,20181217,2382.56235923,0.471815107102593,0.471815107102593,0.0,0.101400253664036,31,105,0.2364712514092446,605.5274829248294
235,20181218,2299.38387307,0.2715736040609137,0.2715736040609137,-0.6765,-0.6255116469261139,21,126,0.2058657642413987,605.8344861266751
236,20181219,2171.53232713,0.1469675599435825,0.1469675599435825,-1.2146,-1.190038645980254,16,246,0.1568406205923836,601.8904683414429
237,20181220,2310.86402862,0.6222535211267606,0.6222535211267606,0.3853,0.5191084225352113,19,136,0.1856338028169014,594.653822937338
238,20181221,2361.2865763,0.2648633417864187,0.2648633417864187,-0.6873,-0.6876701042547196,14,210,0.1586362355593124,597.3428725671245
239,20181224,2132.22671769,0.7275288813750352,0.7275288813750352,0.7828,0.9175662158354464,35,60,0.2276697661313046,593.2362296082773
240,20181225,2757.7956080799995,0.2234762979683973,0.2231941309255079,-1.4434,-1.1306233916478554,51,265,0.189334085778781,598.2798238224548
241,20181226,2312.49534417,0.3847022297488005,0.3847022297488005,-0.2775,-0.1360927462602314,42,285,0.2066045723962743,590.579892516105
242,20181227,2638.15844801,0.148461755574372,0.148461755574372,-1.5873,-1.6082341518487158,33,415,0.1453570420547558,589.358594717946
243,20181228,2396.87471624,0.5061971830985915,0.5061971830985915,0.06935,0.0867120845070422,45,291,0.1523943661971831,579.9420171324122
244,20190102,2261.40830405,0.4293753517163759,0.4293753517163759,-0.13615,-0.2347244513224535,39,362,0.1494091164884637,580.3945519328466
245,20190103,2519.10708592,0.3859353023909986,0.3859353023909986,-0.2627,-0.5497014627285514,39,354,0.1361462728551336,579.3182843778535
246,20190104,3220.54580076,0.9485232067510548,0.9485232067510548,2.2727,2.5416382278481007,74,18,0.2852320675105485,576.9650892697837
247,20190107,3470.89244925,0.9029262802476083,0.9029262802476083,1.62875,2.017999746764209,130,8,0.5061902082160945,590.8536146968102
248,20190108,2995.71401761,0.3812201293224627,0.3809389935338768,-0.2801,-0.0717001686814731,89,23,0.5352825414675288,601.6270910456617
249,20190109,3789.95890055,0.4928310373910599,0.4928310373910599,0.0,0.3320021085184144,68,9,0.581951082372786,600.5688284850957
250,20190110,3132.1408906700003,0.357965720708064,0.357965720708064,-0.3623,-0.1354341107052543,86,35,0.5748805844338297,601.5657790719331
251,20190111,2959.6995211000003,0.7339887640449438,0.7339887640449438,0.6836,0.9179511797752808,87,25,0.674438202247191,600.0686800315476
252,20190114,2830.4369713100004,0.2856339612032612,0.2856339612032612,-0.6824,-0.5970420579139725,76,67,0.6314309811639022,604.8738835438013
253,20190115,3193.97095462,0.7967388248524037,0.7967388248524037,0.978,1.1324197919595165,101,14,0.7312341861118921,601.0043781121028
254,20190116,3044.70959003,0.3672379881989323,0.3672379881989323,-0.3236,-0.1584337173363304,65,28,0.7504917111548187,607.3462357852134
255,20190117,2939.8658244700005,0.2001684446939921,0.2001684446939921,-1.21985,-0.94961793935991,55,69,0.6218416619876473,605.8824289664846
256,20190118,3264.4966026800003,0.6912921348314607,0.6912921348314607,0.64615,0.6057144101123594,71,28,0.6926966292134832,599.3102164431631
257,20190121,3129.8405766900005,0.6081460674157303,0.6081460674157303,0.3341499999999999,0.6174686235955056,83,8,0.7429775280898876,603.0614920960727
258,20190122,2785.22327106,0.1847795563044088,0.1847795563044088,-1.1532,-0.9166357764672846,47,51,0.6121875877562483,605.9309148313323
259,20190123,2438.6586702100003,0.4789325842696629,0.4789325842696629,0.0,0.2105600842696629,88,63,0.597752808988764,599.660027403405
260,20190124,3003.95199301,0.5857423519506034,0.5857423519506034,0.3049,0.4472677799607072,85,42,0.6511366825708672,600.291349732921
261,20190125,3127.29306726,0.277855739545327,0.277855739545327,-0.8114,-0.8157758069042941,98,104,0.5363457760314342,602.5489487922123
262,20190128,2996.5857935300005,0.297054698457223,0.297054698457223,-0.7417,-0.7904596072931277,96,159,0.4171107994389902,597.6466834324608
263,20190129,2936.27428976,0.1767180925666199,0.1767180925666199,-2.0218,-2.0011658906030854,64,362,0.2701262272089761,593.0682328935212
264,20190130,2371.17433041,0.1868870832165872,0.1868870832165872,-1.2085,-1.4838304567105631,31,480,0.205659848697114,581.1387665348668
265,20190131,2856.05268174,0.2393497757847533,0.2393497757847533,-1.4865,-1.874265610986547,44,709,0.1768497757847533,573.3156785312817
266,20190201,2615.62464506,0.9532081815634632,0.9532081815634632,2.7119,2.8108344073970297,105,26,0.2731857663210983,563.681780448045
267,20190211,3196.2648195,0.9725567068048164,0.9725567068048164,2.505,2.7516750490058803,220,3,0.451414169700364,579.2471042665611
268,20190212,3649.13706061,0.8571828619434332,0.8571828619434332,1.0763,1.475348893867264,184,2,0.5763091570988519,594.4716732675957
269,20190213,4737.76371927,0.908174692049272,0.908174692049272,1.44235,1.7908114781634938,287,0,0.738521836506159,602.0560882052392
270,20190214,4171.17379102,0.5169325496781416,0.5169325496781416,0.11,0.5168917436328015,213,2,0.7741393786733837,611.7888109656342
271,20190215,4180.56522353,0.3582423733557235,0.3582423733557235,-0.3429,-0.0691306745032185,124,1,0.774699132381752,613.7064377378407
272,20190218,5473.18855686,0.9946808510638298,0.9946808510638298,3.00795,3.4001704927211645,542,1,0.9202127659574468,612.4421083504003
273,20190219,6054.4003848600005,0.4353303471444569,0.4353303471444569,-0.1402499999999999,0.4292637458006719,304,0,0.9294512877939528,632.065122476028
274,20190220,4990.388242749999,0.4754695822820297,0.4751892346509672,0.0,0.2834355480796187,276,0,0.9324362209139332,632.9785000192118
275,20190221,6181.82662822,0.2751959686450168,0.2751959686450168,-0.7318,-0.2821843505039193,229,0,0.9188129899216124,633.8755430595896
276,20190222,6218.2831189,0.9051482932288752,0.9051482932288752,1.59835,2.2180953553441523,495,3,0.9306099608282036,630.6618436554417
277,20190225,10396.52461598,0.996358543417367,0.996358543417367,4.5139,5.058188011204482,1348,0,0.9585434173669468,642.6962759754996
278,20190226,10968.804592020002,0.4218487394957983,0.4218487394957983,-0.36975,-0.0658197478991596,662,1,0.953781512605042,673.4560025660537
279,20190227,8906.698093840001,0.3886242644998599,0.3886242644998599,-0.4942,-0.1006640235360045,446,0,0.9481647520313812,671.9893172597593
280,20190228,6618.957152769999,0.6240896358543417,0.6240896358543417,0.5576,0.4735089355742297,496,0,0.9515406162464984,669.9906059145676
281,20190301,6640.705532520001,0.5567991046446559,0.5565193060996083,0.22755,0.6770124510352546,551,1,0.951035254616676,673.444772417114
282,20190304,10458.31764305,0.8628987129266927,0.8626189143816452,1.10785,1.8126548125349744,974,0,0.9563514269725796,676.4906366869866
283,20190305,8959.695921990002,0.8863381858902576,0.8863381858902576,1.95015,2.668930515117581,1604,0,0.9577267637178052,686.3691074873825
284,20190306,11056.55035555,0.7998878923766816,0.7996076233183856,1.72825,2.2592674327354256,1742,0,0.9588004484304932,702.2210783402505
285,20190307,11660.02163529,0.6968085106382979,0.6968085106382979,1.33055,1.795936646136618,1678,0,0.9549272116461366,716.2216722978307
286,20190308,11834.514545749998,0.1043356643356643,0.1043356643356643,-5.2679,-4.6116384335664335,263,0,0.8780419580419581,727.4179597683948
287,20190311,9440.49661692,0.9558165548098434,0.9558165548098434,3.9457,4.236565352348993,937,1,0.9320469798657718,691.4851913144031
288,20190312,11365.69378833,0.7766582703610412,0.7766582703610412,1.2559,1.9229205709487824,1158,0,0.9395465994962215,719.7747679271744
289,20190313,10508.66244155,0.2212265471856623,0.2209465135816297,-1.9784,-1.8649325959115093,412,0,0.9067488098571828,731.2149421208583
290,20190314,8121.1389961,0.1494542401343409,0.1491743632801567,-3.0227,-2.8336978729359084,157,1,0.7909319899244333,717.163431012505
291,20190315,7501.037363609999,0.8095104895104895,0.8095104895104895,1.2687,1.6502433286713285,356,1,0.8369230769230769,696.1634590528598
292,20190318,8322.16411281,0.8947073648837861,0.8947073648837861,2.1692,2.3733065247829743,671,0,0.9059087090450854,706.3237674751954
293,20190319,7753.586994460001,0.477043673012318,0.477043673012318,0.0,0.4623039753639417,487,1,0.9011758118701008,722.3661690870222
294,20190320,7796.06236576,0.4113038612199216,0.4113038612199216,-0.3455,0.1366612758813654,488,1,0.8668158925573587,724.035932845209
295,20190321,8855.408971,0.6739434648754548,0.6736635880212707,0.6504,1.162360201511335,573,1,0.8790931989924433,723.2798991430518
296,20190322,8014.879913930001,0.4939792775133016,0.4936992439092691,0.0,0.5515749929991599,746,2,0.8423410809297116,729.8355642216502
297,20190325,8190.289092320001,0.2959326788218794,0.2959326788218794,-1.4141,-0.856264600280505,487,2,0.7335203366058906,731.8483594527808
298,20190326,7680.25829981,0.1435782389231632,0.1432978126752664,-2.9295,-2.557817807066741,165,3,0.4551318003365115,723.540546412406
299,20190327,6645.37640352,0.5703454085930918,0.5703454085930918,0.3981,0.6910679865206402,325,2,0.4518393709632126,703.689061790088
300,20190328,6634.820883299999,0.2318271119842829,0.2318271119842829,-1.3978,-1.3206094583216392,191,2,0.3539152399663205,707.5212397829205
301,20190329,8359.0513084,0.9228827818283792,0.9228827818283792,2.5772500000000003,2.711456225462704,374,1,0.5238362310712282,697.9045776319738
302,20190401,10432.81483743,0.9815126050420168,0.9815126050420168,3.1728,3.6129072549019607,905,0,0.8008403361344538,716.3596390544794
303,20190402,10381.018643800002,0.5060139860139861,0.5060139860139861,0.0754,0.6543174265734266,666,1,0.8114685314685315,740.6646730537341
304,20190403,9329.18461231,0.6997476871320437,0.6997476871320437,0.81,1.1885114942528736,887,0,0.8452481076534903,743.3670526496071
305,20190404,10043.1858095,0.4631549453628467,0.4628747548332866,-0.091,0.4238671896889885,785,0,0.8380498739142617,750.7951906454526
306,20190408,10664.43750996,0.3557046979865771,0.3557046979865771,-1.08215,-0.300407913870246,694,1,0.7410514541387024,752.0447660711634
307,20190409,8398.65176958,0.5802572706935123,0.5802572706935123,0.43755,0.4933933165548098,442,2,0.7855145413870246,746.8460388565815
308,20190410,8985.29426946,0.4084939927354009,0.4082145850796312,-0.4496,-0.057884213467449,486,1,0.7641799385303157,750.3223954984262
309,20190411,8170.010217709999,0.1826573426573426,0.1826573426573426,-2.069,-1.709300895104895,206,1,0.6181818181818182,748.4185116447935
310,20190412,6570.93109699,0.4807262569832402,0.4807262569832402,0.0,0.0033356145251396,226,2,0.5662011173184358,734.2797599824905
311,20190415,7753.10445761,0.2650837988826816,0.264804469273743,-0.9577,-0.7524576536312848,164,4,0.4782122905027933,734.2920063536551
312,20190416,7906.74661023,0.865046102263202,0.8647666946074323,1.7032,2.003080078234144,307,2,0.6085498742665549,728.0132308803252
313,20190417,8298.071965,0.5877266387726638,0.5877266387726638,0.3727,0.8986691213389121,370,0,0.6624825662482566,741.5043355518383
314,20190418,7530.88263151,0.2881025355252159,0.2881025355252159,-1.0063,-0.5926058512120368,281,1,0.5876288659793815,746.2179641296359
315,20190419,7200.98356178,0.6314468915528296,0.630889322553666,0.5047,0.7759711458042933,332,1,0.6241984945637022,740.2523027840039
316,20190422,8038.74205049,0.2403792526491913,0.2403792526491913,-1.5306,-1.2128316229782488,221,2,0.4994422755158951,744.9924016079572
317,20190423,7326.90977898,0.205020920502092,0.204463040446304,-1.983,-1.8112057461645743,117,2,0.3355648535564853,734.7732230407082
318,20190424,6519.988464860001,0.7064399219403401,0.7061611374407583,0.8664,0.9691851686646222,159,0,0.3666016169500976,720.8338191157636
319,20190425,7330.39457615,0.066219614417435,0.066219614417435,-4.2237,-4.011197708857223,54,4,0.1696004470522492,727.4495784529674
320,20190426,6237.050367190001,0.2778864970645792,0.2778864970645792,-1.1765,-1.2489787251887057,76,9,0.1322337154039698,697.49721411841
321,20190429,6456.954028530001,0.1588680302605772,0.1585878397310171,-3.8585,-3.64254805267582,59,26,0.0885402073409918,689.0383908497971
322,20190430,4969.58350046,0.7618913594145792,0.7618913594145792,1.2698,1.0655596678862933,64,17,0.1004784688995215,663.1958404502834
323,20190506,6581.757428229999,0.0307606263982102,0.0307606263982102,-8.2941,-7.397479642058165,26,131,0.0433445190156599,670.9398445387711
324,20190507,5382.43992625,0.7856344326439352,0.7850754611514813,1.47715,1.5165877585243153,64,24,0.062884292901062,618.2993145107199
325,20190508,4888.92248935,0.4217439910564561,0.4217439910564561,-0.2552999999999999,-0.1109219116825042,41,42,0.0645612073784237,627.554444530322
326,20190509,4341.55938552,0.287109375,0.287109375,-0.74265,-0.8056563895089285,22,58,0.0502232142857142,626.4053235885183
327,20190510,6104.95048563,0.982426778242678,0.982426778242678,3.0789,3.5030085076708515,58,9,0.0945606694560669,621.5559867638457
328,20190513,4664.21685799,0.3252372975991066,0.3252372975991066,-0.9021,-0.5559899218313792,72,27,0.1044109436069235,642.0111099502193
329,20190514,4555.57076468,0.2416969020373988,0.2416969020373988,-0.9539,-0.7299400781468044,42,44,0.10047446274072,637.3305603046083
330,20190515,5127.67243331,0.9467075892857144,0.9467075892857144,1.72875,2.20011484375,89,10,0.1545758928571428,631.964746602265
331,20190516,5222.84861838,0.6573738500139392,0.6573738500139392,0.5682,0.8064728185112908,88,9,0.1926400892110398,644.3792669793402
332,20190517,5736.13399842,0.0710306406685236,0.0710306406685236,-3.8742,-3.5652464066852367,36,101,0.1267409470752089,648.8083202949838
333,20190520,4625.84316506,0.4379704488430443,0.4379704488430443,-0.3759,-0.3966928352383607,32,122,0.1293560078059659,624.6744466597538
334,20190521,4794.05415146,0.8758006126427179,0.8758006126427179,1.4909,1.7483374825953772,46,23,0.1932609301030353,622.2613516505247
335,20190522,4692.096093,0.2794322293348177,0.2794322293348177,-0.9036,-0.52487628722516,36,64,0.2079042582799888,632.3396131217089
336,20190523,4645.478307769999,0.1085141903171953,0.1085141903171953,-2.19625,-2.217641096271564,29,166,0.1427378964941569,627.8232024076215
337,20190524,3808.15488909,0.3559510567296997,0.3559510567296997,-0.3911,-0.6503773915461624,22,124,0.125139043381535,613.967486191923
338,20190527,4525.70698867,0.9497082522923034,0.9491525423728814,2.4978,2.7370701305918312,40,15,0.3017504862461795,610.7703199118564
339,20190528,4993.3170370200005,0.4088382434685936,0.4088382434685936,-0.2063499999999999,0.1780786548082268,48,14,0.3596442468037799,626.7568364336495
340,20190529,4458.894816419999,0.5215217995001389,0.5215217995001389,0.1242,0.4501906137184115,60,26,0.4445987225770619,626.668240139279
341,20190530,4534.59071722,0.2970269519310919,0.2970269519310919,-0.8449,-0.5775493470408446,51,41,0.4028896915809947,628.4680019145362
342,20190531,4374.113256549999,0.4255555555555556,0.4255555555555556,-0.14,0.1288275277777777,55,39,0.4308333333333333,623.9981824197392
343,20190603,4790.8089534,0.2244160177975528,0.2244160177975528,-1.54665,-1.4495354004449388,33,110,0.3300889877641824,623.9633244079403
344,20190604,4223.554700109999,0.1868223519599666,0.1862663330553239,-1.5444,-1.583549346677787,13,176,0.2288017792604948,614.6157753929195
345,20190605,4076.89571688,0.4956908534890186,0.4956908534890186,0.0,0.1485591326105087,29,126,0.244370308590492,605.0033403274288
346,20190606,3866.12027723,0.115,0.115,-2.3499,-2.4519535,13,344,0.1452777777777777,605.4527341847563
347,20190610,3666.86551356,0.7544493882091212,0.7544493882091212,0.9639,1.1272262235817576,31,88,0.1924360400444938,590.9162575311082
348,20190611,5652.45335268,0.9844314706700028,0.9844314706700028,3.3784,3.610093355574089,74,8,0.4514873505699194,597.0946599414285
349,20190612,5133.28701289,0.2811457174638487,0.2808676307007786,-0.71705,-0.3580966907675195,55,7,0.4190767519466073,617.9586202596757
350,20190613,4496.87867934,0.6454393770856507,0.6454393770856507,0.4579,0.7441574805339266,39,7,0.5152947719688543,614.6366394316585
351,20190614,4487.94877006,0.1081156197887715,0.1078376876042245,-2.2401,-2.1576371039466373,33,41,0.3132295719844358,618.3307822828539
352,20190617,3356.43586569,0.5031971087016959,0.5031971087016959,0.0538,0.0792255490686683,28,44,0.3333333333333333,604.7345011640656
353,20190618,3217.2575536800005,0.4162267296471242,0.4153931647679911,-0.1486,-0.0361820227841066,33,47,0.3312031119755487,605.1367268593561
354,20190619,5039.31867806,0.8486111111111111,0.8486111111111111,1.06175,1.44112475,41,12,0.5052777777777778,604.577634917106
355,20190620,6028.206202709999,0.8511937812326485,0.8511937812326485,1.3717,1.528576290949473,71,17,0.6943364797334814,612.1435454013497
356,20190621,6215.2595901,0.8670552317513184,0.8667776852622814,1.4493,1.962109492089925,62,4,0.8301415487094088,621.0204724582761
357,20190624,4949.124043180001,0.3849140321686078,0.3849140321686078,-0.33575,-0.0501359400998336,63,3,0.8069883527454242,631.6132481309078
358,20190625,5134.02530903,0.2210205213533,0.2207432057681641,-1.1586,-0.8899476428175264,56,10,0.7049362174154188,630.3945947707352
359,20190626,3916.90843904,0.4500831946755407,0.4498058790904048,0.0,0.0276935662784248,58,12,0.7151968940654465,623.9376279649227
360,20190627,4757.908585339999,0.5970066518847007,0.5967294900221729,0.28625,0.6517337028824834,73,11,0.7641352549889135,624.024023255191
361,20190628,4154.07219976,0.17713811237199,0.1768613340714088,-1.4439,-1.2964888181566565,54,21,0.5828951010240797,626.9506450752937
362,20190701,6139.30376855,0.966214345056771,0.966214345056771,2.4814,2.8699134865688176,125,0,0.8429797839933536,618.3602023887914
363,20190702,5385.51184439,0.4332779623477298,0.4332779623477298,-0.1377499999999999,0.0531709856035437,83,3,0.8355481727574751,634.9053988417942
364,20190703,4880.93070318,0.2151758515646635,0.2148989199667682,-1.157,-0.9663668789808916,43,9,0.7346995292162836,634.6369004774491
365,20190704,4384.29512048,0.368070953436807,0.3677937915742794,-0.29805,-0.3072829268292683,31,12,0.6920731707317073,627.8990656041846
366,20190705,3741.65270548,0.5593689454746748,0.5593689454746748,0.2123,0.3998683642402436,45,12,0.6913921948519236,625.9986257085068
367,20190708,4680.10913078,0.0606648199445983,0.0606648199445983,-3.67575,-3.4453645152354566,22,126,0.2720221606648199,627.9147084820898
368,20190709,3517.13442339,0.5690515806988353,0.5690515806988353,0.2528,0.373208264004437,17,98,0.2848031059345535,605.5574457575816
369,20190710,3314.601084990001,0.2547117516629711,0.2547117516629711,-0.7673,-0.6215898281596453,21,199,0.2613636363636363,607.4528655844499
370,20190711,3483.88169676,0.4534109816971713,0.4534109816971713,0.0,0.0728792290626733,26,162,0.2584581253466445,603.2344400539666
371,20190712,3299.4732839400003,0.570360110803324,0.570360110803324,0.26425,0.3134903047091413,30,122,0.2795013850415512,603.4542563586426
372,20190715,4223.382688719999,0.7120708748615725,0.7120708748615725,0.7979,0.9149488648947952,37,97,0.3325027685492802,605.197455588376
373,20190716,3524.8303650700004,0.5207526286662977,0.5207526286662977,0.1176,0.3464677919203098,36,62,0.344770337576093,610.3805144625849
374,20190717,3814.57503316,0.3858289510102408,0.3855521727096596,-0.2176,0.0197693883199557,25,68,0.3407140880154995,611.796804150474
375,20190718,3629.91249594,0.1131710016602103,0.1131710016602103,-1.9533,-1.7850015495296072,23,300,0.2091864969562811,611.1916434705291
376,20190719,3498.82563185,0.6502490315439956,0.6499723298284449,0.3828,0.5655236579966795,33,117,0.2534587714443829,599.767550131302
377,20190722,4140.523200209999,0.0964020873386432,0.0964020873386432,-2.9038,-1.891572644877781,47,815,0.1458390552046141,602.611418916743
378,20190723,3232.04103798,0.810491623180445,0.810491623180445,0.944,1.2414380115352923,39,131,0.1886844273551222,588.1626873479214
379,20190724,4002.42629445,0.8386919483374553,0.8384171475680132,0.974,1.3387647980214346,58,19,0.2660071448200055,594.5896528174059
380,20190725,3993.90210525,0.4994508511806699,0.4994508511806699,0.0,0.3493261120263591,66,51,0.2981878088962109,601.4653829089253
381,20190726,3518.66080289,0.4460609387867142,0.4457864397474609,0.0,0.0755434806478177,57,81,0.3132034037880867,602.5159207275753
382,20190729,3437.32069982,0.38079561042524,0.38079561042524,-0.2786,0.0290083950617283,72,142,0.326474622770919,602.7435014765628
383,20190730,3841.912252470001,0.6310013717421125,0.6307270233196159,0.3602,0.5394576131687243,67,37,0.4082304526748971,601.9913028870645
384,20190731,3574.72996347,0.254729914998629,0.254455717027694,-0.7761,-0.5974460104195228,60,192,0.3608445297504798,604.699233180583
385,20190801,3738.72084603,0.3112146970112421,0.3112146970112421,-0.5155,-0.273806772689882,60,292,0.3342473265697834,600.5463220843883
386,20190802,4548.1596852600005,0.1482597972047136,0.1482597972047136,-1.8634,-1.5252753631131817,58,749,0.2477391066045492,598.1762456877123
387,20190805,4159.41346511,0.1846575342465753,0.1846575342465753,-1.2355,-1.0131955342465753,48,955,0.2005479452054794,588.0411201549048
388,20190806,5234.85694388,0.1180175246440306,0.1180175246440306,-3.2547,-2.8298704545454547,34,1596,0.1374589266155531,581.4294929506763
389,20190807,3763.19227938,0.3503149821966584,0.3503149821966584,-0.4024,-0.275693015612161,24,1145,0.1317447274719255,563.7407493796311
390,20190808,3671.20458716,0.6507806080525883,0.6505067104902766,0.4246,0.7174407559572719,42,386,0.1533826348945494,561.8294060557796
391,20190809,3806.19760511,0.1732822337804544,0.1730084861757459,-1.3029,-1.1228687927730634,30,1230,0.1335888310977279,565.0375664538344
392,20190812,3627.36947322,0.8752052545155994,0.8752052545155994,1.4085,1.7407007389162563,75,92,0.1773399014778325,558.1843139765937
393,20190813,3396.1497908599995,0.2617027101012866,0.2617027101012866,-0.8547,-0.512739419655078,60,509,0.1727347385710375,566.9734862467265
394,20190814,4022.59282715,0.6521500958641469,0.6521500958641469,0.404,0.6246795672418516,59,145,0.2076143522322651,563.0969767717613
395,20190815,3938.53792743,0.462800875273523,0.462527352297593,0.0,0.3352615426695842,82,322,0.2253829321663019,565.9932085436651
396,20190816,4301.53665035,0.5564979480164158,0.5564979480164158,0.2217,0.4456619972640219,71,193,0.2667578659370725,566.9419873248494
397,20190819,5814.41569372,0.9592004381161008,0.9592004381161008,2.7174,3.0104630613362544,147,3,0.5079408543263965,568.8337650098191
398,20190820,5236.56515338,0.4386637458926615,0.4386637458926615,-0.0092,0.2532643209200438,82,4,0.5501095290251917,585.124774563022
399,20190821,4544.08283334,0.4277108433734939,0.4274370208105147,-0.1344,0.0470959200438116,85,21,0.5742059145673604,585.8388149668082
400,20190822,4401.187111439999,0.5449069003285871,0.5446330777656079,0.2,0.4192202628696604,70,24,0.635815991237678,585.5830843730917
401,20190823,4694.99650234,0.3321467688937568,0.3315991237677985,-0.46715,-0.2752851040525739,73,38,0.6147316538882804,587.3961089302793
402,20190826,4610.14304783,0.252599890530925,0.252599890530925,-1.11495,-0.6828472085385878,61,156,0.5112205801860974,585.2155914740107
403,20190827,5587.23816743,0.8952120383036936,0.8952120383036936,1.6667,1.8753121203830367,98,9,0.7488372093023256,579.9550966902846
404,20190828,4937.92540078,0.4425915800984144,0.4425915800984144,-0.11315,0.0475232640787315,63,21,0.7673592126845271,590.226136599059
405,20190829,4781.96418425,0.3666940114848236,0.3661471151216844,-0.3436,-0.0693282745419743,80,32,0.7566311184030626,590.0324635250569
406,20190830,5548.172750439999,0.1819175088773559,0.1819175088773559,-1.6241,-1.4137685058727123,71,109,0.5831739961759083,588.8142580896211
407,20190902,5532.7244698,0.929000546149645,0.9287274713271436,2.0581,2.3674606772255595,156,9,0.799016930638995,579.8705566373249
408,20190903,5644.0000782,0.5743925743925744,0.5743925743925744,0.2653,0.707382063882064,148,14,0.8187278187278187,592.7018183040001
409,20190904,6057.61546375,0.675587110868378,0.675587110868378,0.5651999999999999,0.7970854451119607,134,7,0.848989623156745,595.584370443473
410,20190905,7973.566402620001,0.7207969432314411,0.7207969432314411,0.5971,0.9189880731441048,148,2,0.8930131004366813,599.6411500394295
411,20190906,6339.07452768,0.5472161572052402,0.5472161572052402,0.19195,0.4523335698689956,151,4,0.8769104803493449,604.1866940181354
412,20190909,7159.33925926,0.9118930714675396,0.9118930714675396,1.55065,2.063283087834152,282,4,0.9094380796508456,606.1330318185823
413,20190910,6962.235672249999,0.4818454818454818,0.4812994812994813,0.0,0.2634132951132951,154,3,0.9093639093639092,617.0856529151743
414,20190911,6426.633269230001,0.2825552825552825,0.2825552825552825,-0.6623,-0.5497978432978433,75,3,0.8845208845208845,617.8983957411818
415,20190912,5372.323667590001,0.6751296751296751,0.6748566748566749,0.4769,0.6199559104559105,96,2,0.8812448812448812,614.1536291769064
416,20190916,5812.31763054,0.5058695058695059,0.5058695058695059,0.0805,0.40344368004368,143,1,0.877968877968878,617.5218193673596
417,20190917,5858.23704273,0.1044735406437534,0.1036552100381887,-2.5641,-2.187382624113475,63,15,0.6541189307146754,619.0160482762192
418,20190918,4871.286593989999,0.4652114597544338,0.4652114597544338,0.0,0.1563303956343792,85,17,0.6450204638472032,604.30982828906
419,20190919,4914.1550488,0.7466557466557466,0.7461097461097461,0.7782,1.084704368004368,145,5,0.7103467103467104,604.7821882617708
420,20190920,5468.768235959999,0.4312602291325695,0.4312602291325695,-0.12785,0.1051728314238952,183,8,0.6993998908892526,610.4154451627913
421,20190923,5080.491901609999,0.2390829694323144,0.2390829694323144,-1.23265,-0.8295954694323143,174,28,0.5262008733624454,610.3462326930343
422,20190924,5481.28387197,0.4575484575484575,0.4572754572754572,0.0,0.2759096096096096,179,27,0.5293475293475294,604.0528139272528
423,20190925,5257.7271622,0.1448445171849427,0.1445717403164211,-1.94875,-1.772998145117294,88,101,0.3292416803055101,604.8861338076241
424,20190926,5380.77824562,0.1072598253275109,0.1072598253275109,-2.60915,-2.739162963973799,51,260,0.1760371179039301,593.6299645750956
425,20190927,3978.0182867999993,0.7058663028649386,0.705593451568895,0.6826,0.9311077489768076,84,65,0.2002728512960436,577.7553703983942
426,20190930,3525.40565288,0.2143830019068373,0.2143830019068373,-1.0101,-1.0027277581040588,72,217,0.153636611277581,582.4170119895185
427,20191008,3730.50366561,0.4870466321243523,0.4870466321243523,0.0,0.143924843196073,92,171,0.158712844286883,576.5554863468959
428,20191009,3658.19562076,0.758931006272157,0.7586583037905645,0.816,0.9519316334878648,106,53,0.1870739023725116,576.9703896367275
429,20191010,4204.9351046,0.8102508178844057,0.8102508178844057,0.8400000000000001,1.2429229825517991,164,16,0.2491821155943293,582.0706106538504
430,20191011,4566.56812273,0.4871934604904632,0.4871934604904632,0.0,0.2091799182561307,155,31,0.3010899182561308,588.1326519158448
431,20191014,5350.513738600001,0.856442386270771,0.8561699809316262,1.2346,1.5490103241623536,226,8,0.4380277853445927,588.7477796161024
432,20191015,4591.71068159,0.2393139123332426,0.2393139123332426,-1.0638,-1.0541587258371905,135,59,0.3808875578546147,596.9420016044377
433,20191016,4234.76335734,0.267356384426899,0.2668118704056629,-0.7491,-0.6255588347399945,125,121,0.3449496324530356,590.6205089988534
434,20191017,3612.44382173,0.360838779956427,0.360838779956427,-0.31275,-0.1946377450980392,99,116,0.3366013071895425,586.5610004954839
435,20191018,4158.5443616600005,0.1864452912357104,0.1861731083287969,-1.44205,-1.173858464888405,77,234,0.248502994011976,585.0729311784646
436,20191021,3701.08450207,0.3927015250544662,0.3927015250544662,-0.3513,-0.3946237745098039,65,261,0.2418300653594771,577.4204450122305
437,20191022,3569.10320015,0.767764769942826,0.767764769942826,0.8418,1.1107175061257828,111,48,0.3185407024230874,575.2668868231173
438,20191023,3684.7182099,0.2612244897959184,0.2612244897959184,-0.7113,-0.4978139047619047,76,156,0.299047619047619,580.8829801592003
439,20191024,3603.05142613,0.4504896626768226,0.4504896626768226,0.0,-0.0752824537540805,67,173,0.3101196953210011,577.3712117174503
440,20191025,4058.08403199,0.6589611096002176,0.6586891487625782,0.5038,0.6334109328256731,110,80,0.3910796845254283,577.153882109725
441,20191028,5202.914234700001,0.8197879858657244,0.8197879858657244,1.2721,1.867555776026094,174,29,0.5952704539276977,580.4356106330149
442,20191029,5389.78844002,0.1689299293862031,0.1686583378598587,-1.55545,-1.4308694187941335,121,160,0.4299293862031504,589.5474507206908
443,20191030,4673.77109448,0.2298288508557457,0.2295571855474056,-1.3718,-1.218384759576202,100,424,0.3113284433577832,580.7445657187519
444,20191031,4510.89612977,0.2435514526201466,0.2435514526201466,-1.0638,-1.149673608471355,76,555,0.2508824327993483,573.2233871020949
445,20191101,4348.52708071,0.762214983713355,0.761672095548317,0.81955,0.9664493756786102,109,115,0.3108034744842562,566.8793129065497
446,20191104,4694.62826626,0.4715138361367336,0.4715138361367336,0.0,0.2881088985349972,165,212,0.3402061855670103,571.9415434012308
447,20191105,4814.797230859999,0.4777898158179848,0.4777898158179848,0.0,0.1584150866738895,159,234,0.3458829902491874,572.7654506417094
448,20191106,4525.50991649,0.2321235102925243,0.2321235102925243,-1.0169,-0.8158895178764897,112,455,0.2917118093174431,573.2191240842455
449,20191107,3989.1973367700007,0.6264538815255613,0.6264538815255613,0.3521,0.6768684338652962,148,203,0.3251284825534217,567.9661740739058
450,20191108,4495.09503941,0.3454054054054054,0.3454054054054054,-0.319,-0.1348264594594594,97,303,0.3172972972972973,570.8882703970323
451,20191111,4230.81204865,0.0850891410048622,0.0850891410048622,-2.733,-2.517758535926526,57,991,0.190977849810913,569.5928493845262
452,20191112,3655.90877381,0.5602051835853131,0.5596652267818575,0.24435,0.3364058855291576,76,525,0.2046436285097192,554.6388768049836
453,20191113,3593.63783802,0.3061114115738237,0.3061114115738237,-0.5948,-0.3447797728501893,87,736,0.2025419145484045,556.2494257652226
454,20191114,3879.4785854,0.5918422474338195,0.5910318746623446,0.2821,0.6022569421934091,105,343,0.2390599675850891,553.6362222196799
455,20191115,4011.33713366,0.1779157667386609,0.177645788336933,-1.3351,-1.2167056695464364,62,951,0.1984341252699784,556.0842824025285
456,20191118,3642.93113114,0.6829334052305204,0.6826637907791858,0.5298,0.7739266918306821,92,317,0.2237799946077109,548.9891872796263
457,20191119,4183.62117545,0.9153182308522114,0.9150485436893204,1.41815,1.7541939590075513,144,15,0.3155339805825243,552.5678465645407
458,20191120,4259.7991094300005,0.2400215749730312,0.2397518878101402,-0.8772,-0.5680391046386192,106,159,0.2869471413160733,561.3325229144948
459,20191121,3610.78136702,0.4370789544597143,0.4365400161681487,-0.073,-0.0049063594718404,86,175,0.2891403934249528,557.2762243503873
460,20191122,4711.35632668,0.2628602208456773,0.2628602208456773,-0.7579,-0.7979288715324535,59,277,0.2440075410719095,557.0591475410905
461,20191125,4200.86211721,0.4849300322927879,0.4846609257265877,0.0,-0.2536246501614639,70,274,0.2704520990312163,552.7257040166121
462,20191126,3935.53630525,0.3842841765339074,0.3842841765339074,-0.22055,-0.1316643433799784,64,265,0.2841765339074273,552.0247797000299
463,20191127,3557.18698958,0.3806191117092867,0.3806191117092867,-0.2584,-0.1228662449528936,79,289,0.2689098250336473,551.0526244734723
464,20191128,3179.81083951,0.3229194721249663,0.3223808241314301,-0.4019,-0.2733283598168596,53,384,0.2563964449232426,550.0021356489501
465,20191129,3415.28435252,0.5177705977382876,0.5175013462574044,0.1085,0.1448633548734518,57,238,0.2700592353257943,548.1452504492
466,20191202,3425.6366197800003,0.4652478448275862,0.4652478448275862,0.0,0.1385015086206896,70,225,0.2893318965517241,548.8396500472588
467,20191203,3471.32087629,0.6572504708097928,0.6572504708097928,0.4596,0.6433396825396825,77,139,0.3736884584342211,549.2197256448708
468,20191204,3557.04373223,0.4648910411622276,0.4646220069948883,0.0,0.1977141781006187,70,115,0.4159268227064837,552.2485067941071
469,20191205,4237.93246533,0.7951612903225806,0.7951612903225806,0.72095,0.9795128494623656,123,25,0.5672043010752689,552.7944435922476
470,20191206,4099.688667259999,0.628494623655914,0.6279569892473118,0.3364,0.6507413172043011,132,30,0.6561827956989247,557.4944756658367
471,20191209,4609.063855390001,0.4936844934157484,0.4936844934157484,0.0,0.3926590432679387,122,23,0.6866433754367106,560.2461048210513
472,20191210,4666.25170373,0.5193548387096775,0.5185483870967742,0.1169999999999999,0.5390247043010753,177,34,0.6956989247311828,561.3460333186194
473,20191211,4667.42981247,0.338436744560838,0.338436744560838,-0.3774,-0.204310797743755,113,54,0.6731130808487779,563.1873176462116
474,20191212,4488.981420679999,0.3216107382550335,0.3216107382550335,-0.4779,-0.2360948724832214,111,109,0.596241610738255,561.5492569270758
475,20191213,5655.52430156,0.8256437768240343,0.825107296137339,0.9971,1.136609120171674,145,20,0.7368562231759657,559.5445404766124
476,20191216,6223.831627520001,0.8713481640310908,0.8708121147145538,1.2942,1.6623229697132136,265,6,0.8464218708121147,565.5140669223985
477,20191217,7512.72500942,0.8273921200750469,0.8273921200750469,1.0442,1.2902515679442508,269,6,0.904851246314661,573.8738435651585
478,20191218,6677.68915309,0.419726614848566,0.419726614848566,-0.119,0.3006093808630394,231,4,0.9045832216563924,580.5722470347229
479,20191219,5781.42119837,0.6881028938906752,0.6872990353697749,0.5305,0.6851855841371919,222,3,0.910235798499464,581.099433866374
480,20191220,5703.47914431,0.2390779951755561,0.2388099705172875,-0.9671,-0.8228062717770034,156,6,0.8788528544626105,584.6316048898823
481,20191223,5370.39143981,0.1210174029451137,0.1207496653279785,-2.1622,-2.0035773493975904,96,25,0.6211512717536813,579.399426008525
482,20191224,4421.90058843,0.8868378812199037,0.8868378812199037,1.2685499999999998,1.6243637239165327,210,11,0.7675227394328518,567.3311809829236
483,20191225,5030.9887175,0.4487282463186077,0.4487282463186077,0.0,0.2998797858099062,183,14,0.7523427041499331,575.5373817802799
484,20191226,5034.81924765,0.7079764453961456,0.7077087794432548,0.5356,0.9087017933618844,224,11,0.7909528907922913,576.4003419141492
485,20191227,6318.67466365,0.2755484216158373,0.2752808988764045,-0.66835,-0.6050951578384163,149,13,0.7260567148207597,580.5628221517543
486,20191230,6108.10831936,0.6106951871657754,0.6106951871657754,0.44655,0.5104092245989305,252,28,0.713903743315508,576.8662475783035
487,20191231,5324.56894779,0.6019780807270784,0.6019780807270784,0.3338,0.5850606255012029,223,11,0.7503341352579525,579.6264349632027
488,20200102,7512.654711229999,0.906951871657754,0.9066844919786096,1.4098000000000002,1.8477128877005349,388,0,0.8561497326203209,582.2894145061392
489,20200103,6952.15233655,0.5477145148356054,0.5474472066292435,0.2146,0.5421948944132585,315,3,0.8604651162790697,591.773490866766
490,20200106,8038.776032719999,0.5500935078813786,0.5500935078813786,0.246,0.7728991183542613,378,6,0.8511888859203847,594.0127466494514
491,20200107,7321.13506035,0.8012289607266898,0.8012289607266898,0.9756,1.3590569596580284,476,2,0.8904621960993855,597.0389419687131
492,20200108,7790.30560645,0.1926777124532335,0.1926777124532335,-1.81985,-1.3230422234099413,230,6,0.7832709780865847,604.0083475739837
493,20200109,7064.162355959999,0.860502405130946,0.8602351683591662,1.27895,1.5346254676643507,351,2,0.8727952966328166,594.5166818816589
494,20200110,6399.895671880001,0.3441176470588235,0.3438502673796791,-0.4975,-0.2533292513368984,266,6,0.8451871657754011,602.8802696379562
495,20200113,6677.631785309999,0.7125668449197861,0.7120320855614973,0.5871,1.0161823529411764,457,5,0.861764705882353,600.616968930466
496,20200114,7017.17262105,0.4031525514293347,0.4028853860539674,-0.2375,0.0725000801496126,310,7,0.8426395939086294,605.4317618662822
497,20200115,6108.95667418,0.2986908896606999,0.2984237242853326,-0.8299,-0.4666991985038738,246,16,0.7320331285065456,604.9322809053681
498,20200116,6125.95135543,0.2871260683760683,0.2865918803418803,-0.7239,-0.3439432158119658,232,24,0.6431623931623932,601.0105073525131
499,20200117,6072.53291096,0.3289754535752401,0.3284418356456777,-0.46345,-0.1659504268943436,218,40,0.580042689434365,597.8015823879726
500,20200120,6789.686171740001,0.6694214876033058,0.6688882964542788,0.6114,0.9497028525726472,367,29,0.6344974673420422,595.9202995322071
501,20200121,6902.97854653,0.2112976285638156,0.2112976285638156,-1.5544,-1.122862563282707,222,64,0.4575006661337596,600.5717639297354
502,20200122,7077.522975509999,0.454618046313548,0.4538195368645196,0.0,0.1102876763375033,273,82,0.4272025552302368,592.5323224290667
503,20200123,8086.16588052,0.0800531914893617,0.0800531914893617,-3.5806500000000003,-3.309133723404255,105,346,0.2433510638297872,592.8590674940446
504,20200203,5188.997525,0.0436170212765957,0.0436170212765957,-9.99055,-8.842434654255321,93,1877,0.0840425531914893,572.4357137265791
505,20200204,9096.22051739,0.3972347779845785,0.3969688912523265,-1.6077,-0.510268359478862,110,1542,0.122839670300452,518.5323486657774
506,20200205,8719.13844218,0.8939957492029755,0.8939957492029755,2.02145,2.881686424017003,219,55,0.1580765143464399,513.0411731265755
507,20200206,9130.75205969,0.904913678618858,0.904913678618858,1.7554,2.6220459495351927,296,19,0.2047808764940239,525.618727441462
508,20200207,9292.91416275,0.605416887944769,0.6048858204992034,0.59675,1.2353602230483272,241,31,0.2328730748805098,537.1230652886544
509,20200210,8854.683446800002,0.7592248473586408,0.7589593841252986,1.5603,1.616984895142023,182,4,0.2582957260419432,542.0434085834064
510,20200211,7858.225014869999,0.3626956752454232,0.3626956752454232,-0.5386,-0.4260227381268241,88,3,0.2369328734412311,550.6545402564232
511,20200212,7898.71803017,0.8387695571466455,0.8382391938477858,1.0664,1.7873775921506232,208,4,0.290639087775126,547.9986708045026
512,20200213,8708.81539846,0.2223694672674264,0.2218393851046912,-1.4759,-0.8774188709249934,139,18,0.2735223959713755,555.8180024408537
513,20200214,8128.053922689999,0.4417064122946476,0.4417064122946476,-0.0582,0.1663147588765235,139,17,0.2808691043985161,549.2779174711342
514,20200217,9369.27507356,0.974569536423841,0.974569536423841,2.952,3.4671630198675496,321,1,0.4566887417218543,549.5748427191521
515,20200218,9997.15479084,0.7433112582781457,0.7433112582781457,1.3575,1.7811547284768212,377,5,0.6015894039735099,567.2138952543137
516,20200219,10385.49523965,0.3230076780513635,0.3224781572676727,-0.7268,-0.5487779984114377,218,6,0.596505162827641,576.1153381263022
517,20200220,10681.04908687,0.8437913688112259,0.8437913688112259,1.4286,1.7856458035477891,305,6,0.8014297061159651,572.4409378769958
518,20200221,11707.41374933,0.6068783068783069,0.6063492063492063,0.43405,1.122299232804233,375,7,0.8547619047619047,581.6407672887462
519,20200224,12217.27665742,0.5636075112404126,0.5633430309441947,0.436,1.2359345675747158,566,8,0.8352287754562285,586.1669480984339
520,20200225,14148.728335360003,0.3015075376884422,0.3012430573922243,-1.4938,-0.2077109230362338,431,8,0.7542978048135414,591.0671120129116
521,20200226,13123.59139606,0.358011634056055,0.3577472236911687,-0.96955,-1.3840258064516129,138,20,0.7580645161290323,586.0385762762244
522,20200227,10503.55869565,0.490481226864093,0.4902168164992068,0.0,0.3041774457958752,177,19,0.7903225806451613,579.1421452023691
523,20200228,11290.83592294,0.0615913296325667,0.0615913296325667,-5.5845,-5.274113613534232,48,113,0.3439069521543748,580.0229550947711
524,20200302,10290.06398389,0.9643046007403492,0.9643046007403492,3.7388,4.13768117398202,219,3,0.639344262295082,548.5317293129989
525,20200303,11756.96377386,0.7003438243850834,0.7000793440888654,0.7194,1.242647130388786,221,1,0.6834170854271356,570.1342285093272
526,20200304,9918.28533119,0.6611964002117523,0.6611964002117523,0.8571,1.0355418475383802,273,8,0.710428798305982,575.7273796442429
527,20200305,11716.37812895,0.7988885948663668,0.7986239745964541,1.5717,1.8550401693569727,326,1,0.7906853664990738,581.1756083016844
528,20200306,9572.94217869,0.3941238750661726,0.3941238750661726,-0.5179,-0.1433133668607729,263,3,0.7580730545262043,591.1332973137737
529,20200309,10859.31777719,0.1384696849351337,0.1384696849351337,-3.7037,-3.258486841408525,155,28,0.4866296002118083,589.178971124872
530,20200310,10812.28532832,0.8313922710428798,0.8313922710428798,1.8519,2.1436888035997885,230,5,0.5876124933827422,568.669100724871
531,20200311,9726.51888349,0.2733050847457627,0.2727754237288136,-1.17,-0.8547640625,152,17,0.5203919491525424,580.0299401839183
532,20200312,8373.72999759,0.1495896213926396,0.1495896213926396,-2.2895,-1.8508264495631448,114,58,0.3346571352925602,574.1578212936262
533,20200313,9663.88816621,0.2233986236103758,0.2233986236103758,-1.7006,-1.1740566172578084,127,145,0.2546320804658549,562.2718172249984
534,20200316,9630.32079464,0.0855176065660577,0.0855176065660577,-3.75,-3.8064248345247553,53,376,0.1472067778660312,554.1901252245813
535,20200317,8178.201058540001,0.3936987026740799,0.3934339422822345,-0.5634,-0.2638330685729415,71,351,0.1419115700291236,533.2516450981043
536,20200318,8367.50695696,0.1734180566587238,0.1731532962668784,-1.8288,-1.580198570293884,52,554,0.1138469684935133,531.046028124624
537,20200319,8221.768682240001,0.5974609891563079,0.5974609891563079,0.5974,0.7460774398307327,66,427,0.1346204707749272,521.9943523714385
538,20200320,7167.947937690001,0.78852762357917,0.78852762357917,1.2165,1.4739742532381708,84,34,0.1681205392545599,525.5007905520889
539,20200323,6871.934365680001,0.0855784469096671,0.0855784469096671,-3.83465,-3.8111100633914425,39,686,0.1207078711040676,532.5700222872724
540,20200324,7123.1787053,0.861558784676354,0.8612945838837517,1.9108,1.9350416908850725,68,28,0.1574636723910171,512.2105092504548
541,20200325,7511.37084951,0.9170190274841438,0.916754756871036,1.91375,2.340809936575053,79,4,0.2180232558139535,522.0599119053793
542,20200326,6423.29084428,0.2590440982307895,0.2590440982307895,-1.4041,-0.9756845788222868,78,33,0.1975178241351993,533.1655878338019
543,20200327,6337.59678232,0.3857519788918205,0.3857519788918205,-0.3611999999999999,-0.3519398416886544,40,46,0.1963060686015831,526.8214916143738
544,20200330,6329.64579729,0.1847453153866455,0.1847453153866455,-2.4691,-2.197142623383478,58,320,0.1588809712325151,524.9430046387336
545,20200331,5616.185611239999,0.3953549749274215,0.3953549749274215,-0.3268,-0.0040694642385853,96,300,0.180522565320665,512.6954475232723
546,20200401,5847.33127391,0.3350039567396465,0.3342126088103402,-0.5502,-0.5661125824320761,40,313,0.1516750197836982,511.8472711830743
547,20200402,5976.10066332,0.8765497230282248,0.8765497230282248,1.7544,2.123464916908467,54,16,0.2149828541281983,508.9903634375484
548,20200403,5722.201593870001,0.3043248945147679,0.3040611814345991,-0.87235,-0.4769330696202531,62,93,0.2360232067510548,518.8593428046431
549,20200407,7318.48717063,0.974927421483241,0.974927421483241,2.6338,3.0966327527052,157,3,0.4431248350488255,515.3589021708401
550,20200408,6738.81945921,0.566904196357878,0.5663763525996305,0.2801,0.4858192135128002,100,6,0.5473739773027184,530.12504983283
551,20200409,6530.58872812,0.606963861777895,0.6064362964916908,0.3604,0.9077554998681088,142,7,0.669744130836191,532.155214638987
552,20200410,6719.39353033,0.1392405063291139,0.1389767932489451,-2.44295,-2.2982648734177213,58,36,0.4546413502109704,535.5294924501266
553,20200413,4989.20060966,0.3057240833553152,0.3057240833553152,-0.9944,-0.8444222104985492,79,143,0.4085993141651279,522.8341904763346
554,20200414,5891.99881073,0.877373417721519,0.8771097046413502,1.5018,1.7902976002109705,114,10,0.5759493670886076,518.027194867055
555,20200415,6409.33116242,0.270640991822738,0.270640991822738,-0.9811,-0.5855835135848061,76,61,0.503033500395674,526.5541752923842
556,20200416,5948.69541105,0.5114564129575981,0.5104029496971293,0.1043,0.4578792731103502,77,58,0.5227811430076376,522.4294565651851
557,20200417,7401.48145533,0.4121052631578947,0.4118421052631579,-0.1961,-0.0023237631578947,74,56,0.5344736842105263,523.8979516259013
558,20200420,6171.61471638,0.6842243876744799,0.6839610218593627,0.6567,1.1520954437713986,132,58,0.597840400316039,523.3781826105397
559,20200421,6491.792390729999,0.3022643496577146,0.3022643496577146,-0.9346,-0.4559697998946814,114,139,0.5092153765139548,528.1116029709162
560,20200422,6058.194389749999,0.6567596002104156,0.6564965807469753,0.5339,0.9458996317727512,161,64,0.5736454497632825,524.4397227405896
561,20200423,6704.02637934,0.3463055482513805,0.3463055482513805,-0.6289,-0.3584981067578228,135,125,0.5437812253484091,528.3200512835822
562,20200424,6250.68666977,0.1896370331404523,0.1896370331404523,-1.7953,-1.7364295370857443,66,321,0.416096791162546,525.7117401915841
563,20200427,5565.414144619999,0.352709100473435,0.352709100473435,-0.6973,-0.6464942135718044,88,375,0.3811152025249869,516.4283817874473
564,20200428,6737.195593529999,0.2195571955719557,0.2195571955719557,-2.44545,-2.107166868740116,87,742,0.2836056931997891,512.9585144315962
565,20200429,5326.37414065,0.4575957727873184,0.4568031704095112,-0.0722,-0.0547907793923381,69,478,0.283223249669749,501.2819965027704
566,20200430,6788.54473959,0.837708830548926,0.837708830548926,1.994,2.181589923097322,53,49,0.3813312118801379,500.9637055456143
567,20200506,7209.22585058,0.8075302790942601,0.8072669826224329,1.40185,1.7846856503422854,119,68,0.4784096893101632,511.422800549183
568,20200507,6670.783418770001,0.3307045215562565,0.3307045215562565,-0.5587,-0.1667441377497371,115,79,0.4539957939011567,519.5711354809224
569,20200508,6872.978915090001,0.7517078297425118,0.7517078297425118,0.8163,1.1161232527588016,128,33,0.5399369416710457,517.6865363090294
570,20200511,6845.61408902,0.3987391646966115,0.3982138166535329,-0.3026,0.0860418439716312,110,48,0.5503020751247701,522.6884838110481
571,20200512,5989.256853109999,0.3540845810349356,0.3538219070133964,-0.4847,-0.047100525348043,147,99,0.5342789598108747,522.1225215398912
572,20200513,5810.33089415,0.5215223097112861,0.520997375328084,0.1498,0.5617349868766405,182,69,0.5545931758530184,520.7341963836363
573,20200514,6098.531073730001,0.2342602308499475,0.2339979013641133,-1.0880999999999998,-0.7679499475341027,111,133,0.4824239244491081,522.5867993815866
574,20200515,6266.747349159999,0.4670862837660635,0.4668240230789404,0.0,0.2574299501704694,116,114,0.4959349593495935,517.7370633737156
575,20200518,7314.472041010001,0.39401888772298,0.39401888772298,-0.45125,-0.3527946484784889,157,174,0.4512067156348373,518.4034685058441
576,20200519,6413.02660441,0.6877459984256101,0.6872212017843086,0.6637,1.141903726056153,210,79,0.5266334295460509,516.31937083282
577,20200520,6865.33891546,0.2745869394177813,0.2745869394177813,-1.0429,-0.7407879097823236,92,175,0.4676108051403094,520.9807117318735
578,20200521,6259.692819649999,0.2823807026743576,0.2823807026743576,-0.97295,-0.8587740954378605,85,250,0.3959098059779758,516.3343767481439
579,20200522,5925.198211700001,0.1849620120513492,0.1849620120513492,-1.7241,-1.5534787267487558,46,403,0.2894943673041655,511.6054661521816
580,20200525,4904.05772521,0.4453759496987162,0.4451139638459523,-0.152,-0.1231156667539952,77,356,0.2860885512182342,503.2213301904377
581,20200526,5297.38667069,0.8849882106366256,0.8849882106366256,1.6062,2.1131928739848047,149,21,0.4128897039559864,502.5291098315368
582,20200527,5729.81121078,0.3715560220414589,0.3715560220414589,-0.4659,-0.1713313041196536,113,82,0.4043558121228024,511.8746257819235
583,20200528,5780.794015569999,0.3647089669638175,0.3647089669638175,-0.5,-0.2914112480335606,97,113,0.3846355532249607,510.2437131052597
584,20200529,5715.44888263,0.5777602937319696,0.5774980330448466,0.3295,0.7812282717020719,159,84,0.4248623131392604,508.2246500363101
585,20200601,7613.52885474,0.9493704092339978,0.9493704092339978,2.2918000000000003,2.7943957502623293,241,4,0.6618572927597062,511.04714747216616
586,20200602,7718.985821390001,0.6106890227927692,0.6099030652344773,0.4138,0.6437684045061567,132,8,0.7196751375425727,524.0435766204492
587,20200603,7773.45396572,0.3745416448402305,0.3742797276060765,-0.40445,0.1197680460974332,143,9,0.7019381875327396,526.8146362665402
588,20200604,6504.422886620001,0.5117862755369303,0.5115243583027763,0.10075,0.4121327658459927,164,8,0.7035096909376637,526.0647631665561
589,20200605,6313.414585320001,0.4362398533647552,0.4359780047132757,-0.1605,0.0193571877454831,161,10,0.700445142707515,527.413810920291
590,20200608,6840.18276657,0.4070102014125032,0.4064870520533612,-0.2542,-0.0627601883337693,127,14,0.6876798325922051,527.0416075778152
591,20200609,6201.433548100001,0.5582549634273772,0.5579937304075235,0.2513,0.5270400992685476,157,15,0.7139498432601881,526.2063515418272
592,20200610,6149.51194152,0.3600731643585053,0.3600731643585053,-0.581,-0.1845973608570682,185,24,0.6493336817350405,528.2541890613013
593,20200611,7207.606319070001,0.3110297961317302,0.3105070569785677,-0.6575500000000001,-0.3277952430737061,116,35,0.5768426555148981,526.2320389962662
594,20200612,6990.621543210001,0.3867258949568853,0.386464593676509,-0.2985,0.1700113927358244,160,51,0.5309642017245885,523.6394378143765
595,20200615,7592.96882043,0.3657963446475196,0.3657963446475196,-0.49205,-0.171862637075718,183,71,0.4939947780678851,523.3030293040097
596,20200616,7122.52998295,0.8495436766623208,0.8495436766623208,1.2938,1.713752698826597,240,13,0.6591916558018253,521.565891833135
597,20200617,7386.723435780001,0.4847378032872423,0.4844769110357422,0.0,0.4635166710148709,212,18,0.668145056091834,529.4090763611282
598,20200618,7583.478262699999,0.4408237747653806,0.4408237747653806,-0.11235,-0.0848740875912408,127,17,0.6785714285714286,530.6360260245281
599,20200619,7786.02207326,0.5341323606044815,0.5336112558624283,0.1622,0.5455461698801459,193,15,0.7076602397081814,530.1127549941494
600,20200622,8284.1401265,0.4549244398124022,0.4549244398124022,-0.0711499999999999,0.3110448410630536,168,25,0.6693590411672746,531.9886813539081
601,20200623,7581.896386269999,0.345321866041178,0.344800625488663,-0.5944,-0.0085653375032577,250,51,0.5754495699765442,532.6267880547117
602,20200624,7285.87369019,0.3647028154327424,0.3644421272158498,-0.47785,-0.2169686913451511,172,61,0.5299791449426486,531.0210105995983
603,20200629,7161.646277469999,0.3265625,0.3263020833333333,-0.90835,-0.5301596614583333,210,123,0.42734375,529.1761939812903
604,20200630,7465.02407888,0.8172099087353325,0.8169491525423729,1.0017,1.559423415906128,313,21,0.5199478487614081,525.3700686430112
605,20200701,9070.756286429998,0.5439417576703068,0.5439417576703068,0.23395,0.5744166666666666,255,33,0.5660426417056682,532.0977565671003
606,20200702,10797.38930313,0.7702702702702703,0.770010395010395,1.2161499999999998,1.394960187110187,254,15,0.7232328482328483,534.2484070161852
607,20200703,11712.53088435,0.7233766233766233,0.7231168831168832,0.9799,1.2211975584415584,292,14,0.8109090909090909,541.2233143062219
608,20200706,15654.127019829995,0.9402597402597402,0.9402597402597402,3.6109,3.910337584415584,683,7,0.916103896103896,547.1797408846774
609,20200707,17392.52702514,0.5693866943866944,0.5693866943866944,0.3985499999999999,1.1425180873180876,559,8,0.9308731808731808,567.7570850475404
610,20200708,15420.99885336,0.8344577062791905,0.8344577062791905,1.4748,2.2652993513233004,849,8,0.9307213284898808,572.1318466731179
611,20200709,17256.59340482,0.8838174273858921,0.883298755186722,2.0408,2.901484336099585,1091,3,0.9512448132780082,582.8309964161856
612,20200710,16119.896447870002,0.3050803525142561,0.3048211508553655,-1.46015,-0.4701282270606531,651,6,0.9476412649040954,597.2335789370908
613,20200713,16719.26604669,0.92720207253886,0.92720207253886,2.77595,3.30278707253886,1220,6,0.9546632124352332,591.4694440676319
614,20200714,17040.521960550002,0.3498964803312629,0.3498964803312629,-0.95025,-0.3887743530020703,691,4,0.9477225672877848,609.4463802522712
615,20200715,15710.55234586,0.1835361118301837,0.1835361118301837,-2.9014,-2.4087003882992493,294,16,0.9086202433341962,605.3660625272374
616,20200716,15057.03447044,0.0574385510996119,0.0574385510996119,-4.2969,-4.354240000000001,50,28,0.622509702457956,589.2932897087921
617,20200717,11157.93752358,0.4797105195140863,0.4794520547945205,0.0,0.2254317394675627,121,26,0.5727578185577669,563.8029959571355
618,20200720,11926.73379473,0.9128973895063324,0.9128973895063324,3.2982,3.513789687257689,347,20,0.7645386404755751,564.4384914076137
619,20200721,11027.43439875,0.4950929752066115,0.4948347107438016,0.0,0.5358600464876033,305,5,0.7704028925619835,583.6632373204135
620,20200722,11980.9834398,0.4561629706034038,0.4551315110881898,-0.05235,0.8220864878803508,305,15,0.7684373388344508,585.2270463678317
621,20200723,12457.905700949996,0.327319587628866,0.3268041237113402,-0.978,-0.2454415206185567,349,25,0.6708762886597938,587.4793994242505
622,20200724,13345.67355521,0.0726429675425038,0.0726429675425038,-4.09565,-4.036374111282845,96,65,0.3575476558475013,583.8856659754321
623,20200727,9269.94818059,0.451081359423275,0.4508238928939237,-0.1955,0.0613909886714727,136,70,0.3292996910401647,560.1448044057088
624,20200728,8978.00730116,0.723152201905743,0.7228946690703064,0.9161,1.1925664949781098,165,13,0.3680144218387844,559.7692020761104
625,20200729,10465.15199381,0.9220277920741122,0.9217704580545548,1.92605,2.589562660833762,289,2,0.4827586206896552,565.671034882803
626,20200730,10935.34736303,0.3671895088711751,0.3669323733607611,-0.5714,0.0288300848547184,302,5,0.455386988943173,578.4427913177217
627,20200731,11457.66144795,0.6902927580893683,0.6900359527478171,0.7092,1.3885414227015922,364,7,0.4840780688238315,576.8735630367134
628,20200803,13336.59649809,0.9198767334360556,0.9188495120698512,2.3485500000000004,2.995325731895224,647,3,0.6810477657935285,582.9242208809313
629,20200804,13725.595252459998,0.3332477535301669,0.3332477535301669,-0.8313,-0.4140296534017972,398,2,0.6421052631578947,598.4995938684291
630,20200805,11965.14333863,0.6195484864032837,0.6195484864032837,0.5576,1.0762449974345818,533,3,0.668291431503335,594.7729474094626
631,20200806,12912.84259331,0.3675980517815944,0.3673417072545501,-0.6196,-0.0293893873365803,399,6,0.6557293001794412,599.6317814331345
632,20200807,12619.702886760002,0.2296846962317354,0.2296846962317354,-1.766,-1.1547044860292237,314,12,0.5175596001025378,597.6860081208354
633,20200810,11574.3637823,0.6651305683563749,0.6646185355862775,0.8126,0.9098995647721454,351,8,0.6223758320532514,588.9576870950583
634,20200811,11343.98998602,0.167989756722151,0.1677336747759283,-2.1852,-1.8019542893725995,186,18,0.4768245838668374,594.0300838935104
635,20200812,10834.24611341,0.3584036838066001,0.3581478639038117,-0.7634,-0.5802091327705297,161,30,0.4310565361985162,582.1876359084486
636,20200813,8813.22570552,0.591304347826087,0.591304347826087,0.3818,0.6351817391304347,191,19,0.4808184143222506,578.2764727854851
637,20200814,8496.175615780001,0.6814114037330606,0.6814114037330606,0.6418,0.7607259268729225,192,11,0.5382255177703912,581.2169558504431
638,20200817,11536.31859491,0.8694763729246487,0.8694763729246487,1.4409,2.1286997190293744,353,10,0.6886334610472542,585.2928150990351
639,20200818,10897.21700025,0.5564063297600816,0.5564063297600816,0.2481999999999999,0.916936089841756,397,11,0.7294538029606943,595.7391204406723
640,20200819,10881.00992749,0.2163817300331717,0.2163817300331717,-1.7143,-1.4075672110232202,262,29,0.5907119163051799,599.2097061874523
641,20200820,8716.166223659999,0.2646608873023967,0.2641509433962264,-1.08465,-1.0515379908210096,131,42,0.4987251402345742,589.8564405160851
642,20200821,8440.40628043,0.612031608462911,0.612031608462911,0.4235,0.6985757838388986,223,33,0.5284221259240377,583.5562192933907
643,20200824,8966.61478093,0.567766497461929,0.5675126903553299,0.3311,1.5707353553299497,265,66,0.533756345177665,586.8301908042791
644,20200825,9417.66884523,0.4027390311945219,0.4017245751965508,-0.4344,0.0892567334516865,279,26,0.4897286330205427,592.4104628265121
645,20200826,9779.08795726,0.1739350912778904,0.1731744421906693,-2.2161,-2.012128930020284,148,78,0.3268255578093306,591.3881304151254
646,20200827,8375.30610375,0.7114604462474645,0.7112068965517241,0.8813,1.1674615872210954,253,42,0.3800709939148073,578.8855084056662
647,20200828,9473.84280509,0.6932624113475178,0.6930091185410334,0.7921,1.0080977456940223,246,51,0.4437689969604863,584.8155003707686
648,20200831,10340.02936452,0.4212658227848101,0.4210126582278481,-0.2323,0.1583231392405063,251,29,0.4478481012658228,590.0794180978405
649,20200901,8510.93194368,0.5411080192259043,0.5408550467998988,0.2375,1.0177293700986594,338,45,0.4609157601821401,589.8611569830922
650,20200902,9687.43124455,0.4859742228961334,0.4857215061915592,0.0,0.6050790497851909,407,59,0.488248673237301,593.5632122257199
651,20200903,9419.34411521,0.2779601110830598,0.2772027265841959,-1.0534,-0.8172100984599848,230,72,0.4390305478414542,595.3589755479247
652,20200904,8383.71811371,0.473976755937342,0.4737241030823648,0.0,0.2467794593228903,274,44,0.4252147549267306,589.790552988581
653,20200907,10212.37256145,0.254421424962102,0.254421424962102,-1.2492,-1.0853099292572006,252,108,0.3628094997473471,590.5182939574823
654,20200908,9240.33424865,0.660524987380111,0.6602725896012115,0.79225,0.9864441191317516,392,83,0.4086320040383644,583.6254398542235
655,20200909,10359.40811854,0.1736163760424564,0.1736163760424564,-2.406,-2.5685755875663383,139,152,0.327015415718979,588.8158955424454
656,20200910,8729.60008716,0.1259147110774665,0.1251577088064597,-3.1501,-3.5444604592480444,37,230,0.1291950542518294,574.1703496447632
657,20200911,6843.54747997,0.7455874936964195,0.7453353504790721,1.0938,1.5127793998991428,68,51,0.1686838124054463,554.9512590467409
658,20200914,7692.96323522,0.6686853393893515,0.6686853393893515,0.7477,1.5983973252586423,131,23,0.2447640676255362,562.1838816456376
659,20200915,7253.712921400001,0.4651045603426555,0.4651045603426555,0.0,0.3239663139329806,97,35,0.2612748803224993,568.7785721507994
660,20200916,6840.74271803,0.2801409514220991,0.2796375534860307,-0.8078,-0.3731106972061414,101,60,0.2360936320161087,569.6998976381182
661,20200917,7533.801104059999,0.5025138260432378,0.5025138260432378,0.0516,0.6366999748617397,104,37,0.2541478129713423,566.3360741215276
662,20200918,8354.13766742,0.7864491844416562,0.786198243412798,1.1002,1.2843154830614805,120,16,0.3355081555834379,568.2851196494333
663,20200921,7548.94862868,0.360511791269443,0.3602609131961866,-0.4367,-0.0843733065730055,109,23,0.3273958855995986,575.0605429824209
664,20200922,7021.537166619999,0.1499749624436655,0.1494742113169754,-1.6949,-1.4034101151727592,68,77,0.2386079118678017,573.5622994893633
665,20200923,6606.293565599999,0.587778612572001,0.5875281743050338,0.3219,0.7490818181818182,84,47,0.275732531930879,564.6769301184152
666,20200924,6791.48489505,0.0793094821115836,0.0793094821115836,-2.6882,-2.409486289717288,35,225,0.1681260945709282,567.7007237449329
667,20200925,5692.17027521,0.340994254309268,0.3404946290282288,-0.5202,-0.519209692730452,35,242,0.1491381463902073,553.2309227644473
668,20200928,5400.79131157,0.2111832251622566,0.210434348477284,-1.3435,-1.1550430604093862,37,381,0.1240639041437843,550.3557548472495
669,20200929,5448.812851260001,0.6600199401794616,0.6595214356929212,0.52525,0.7538988285144567,50,129,0.1527916251246261,543.4803170870996
670,20200930,5398.5387139,0.360398505603985,0.3596513075965131,-0.4149,-0.1799431133250311,55,223,0.1608966376089664,546.9562781417128
671,20201009,7110.24962786,0.940766550522648,0.940766550522648,2.57835,3.001642458934793,131,5,0.3305126928820308,545.3295122650004
672,20201012,9710.64374829,0.9519541946726412,0.9519541946726412,2.4906,3.01119141150112,230,5,0.6372915110779188,560.5441850953669
673,20201013,8347.20266263,0.426156141223272,0.426156141223272,-0.18165,0.3678720039781203,213,7,0.6531576330183988,575.9641710119897
674,20201014,8273.04425031,0.2743781094527363,0.2736318407960199,-0.9472,-0.5403494527363184,187,16,0.5788557213930349,576.5004570227169
675,20201015,7638.01911673,0.2904027846842367,0.2896568871208354,-0.75335,-0.6836274987568375,127,34,0.5320735952262556,572.2125923259849
676,20201016,7084.15049947,0.4751491053677932,0.4749005964214712,0.0,0.2980064363817097,120,46,0.5253479125248509,568.1013092275961
677,20201019,7389.42599102,0.3086665011174571,0.307673205860442,-0.6079,-0.4719738266699776,101,58,0.4822448472808542,568.9477984609296
678,20201020,6671.96872954,0.6963753723932473,0.6956305858987091,0.6883,1.0689647219463754,130,31,0.5474180734856008,565.8758392794322
679,20201021,7060.90706477,0.2169272772400099,0.2164308761479275,-1.2064,-1.0978432365351205,95,90,0.4519731943410275,570.8478075262699
680,20201022,6635.5641959800005,0.3483758988346144,0.3478799900818249,-0.3906,-0.3000206793949913,93,137,0.4140838085792214,564.2709465283533
681,20201023,6874.76423902,0.1970260223048327,0.1970260223048327,-1.2431,-1.275626790582404,69,236,0.3286245353159851,562.322460606082
682,20201026,6334.01186322,0.4556491575817641,0.4556491575817641,-0.06775,0.2548448959365709,104,251,0.3344895936570862,555.2407773737083
683,20201027,6310.92224102,0.4461233589298984,0.4453802328461729,-0.1272,0.0744007183552142,84,212,0.3418379985137478,555.7601909510206
684,20201028,7329.61746739,0.4566617137196632,0.4564140663694898,-0.0508,0.1923511887072808,134,294,0.3514115898959881,555.6134722567757
685,20201029,7800.96631226,0.3687855552807321,0.3685382141973782,-0.4835,-0.0312935443977245,135,373,0.3497402918624783,556.0067109940744
686,20201030,8706.051905969998,0.1382294757665677,0.1374876360039564,-2.6087,-2.5908286102868443,62,730,0.2312067260138476,554.5755676667666
687,20201102,8121.88629195,0.4683481701285855,0.4681008902077151,-0.1321,0.0919548961424332,129,711,0.2559347181008902,540.1579100135194
688,20201103,7845.28769773,0.8365479723046488,0.8353115727002968,1.8272,2.0172822205736898,128,36,0.3271513353115727,540.0494865365346
689,20201104,7295.45510996,0.3468479604449938,0.34610630407911,-0.4808,-0.1916367119901112,146,102,0.3236093943139678,550.4305397826329
690,20201105,8595.13487699,0.853297110397629,0.8530501358360089,1.2967,1.871785848357619,220,16,0.4080019757964929,548.579891270881
691,20201106,8782.98417923,0.2740740740740741,0.2738271604938271,-0.85335,-0.8740058518518519,144,70,0.3679012345679012,557.2707293818078
692,20201109,10832.817182599998,0.8764792899408284,0.876232741617357,1.7285499999999998,2.2388853303747536,197,11,0.522189349112426,552.4577051044907
693,20201110,9809.52254198,0.2689179196450579,0.2681784569879221,-0.9769,-0.8884579985210747,141,41,0.4752280009859502,563.4169061933372
694,20201111,8693.02801061,0.2857846760285785,0.2857846760285785,-1.134,-1.0601012564671102,108,111,0.4042867701404287,558.1620350309885
695,20201112,7077.78840725,0.4586410635155096,0.4581486952240275,0.0,0.2189499999999999,130,103,0.4128508124076809,552.0387149191198
696,20201113,7269.96086313,0.4525745257452574,0.4515890613451589,-0.1072,0.0267142153239714,104,117,0.4119241192411924,552.6430593022775
697,20201116,8007.30050806,0.6724137931034483,0.6719211822660098,0.83725,1.024409113300493,200,56,0.5012315270935961,552.420659750909
698,20201117,8532.41490533,0.3205317577548006,0.3200393894633185,-0.7626999999999999,-0.6265676760216643,114,150,0.4926144756277695,557.5627545289127
699,20201118,8213.920922390002,0.5762420068863748,0.5752582390555829,0.2856999999999999,0.6336778898180029,145,76,0.5258239055582883,553.6897349678096
700,20201119,7740.133836419999,0.5134071340713408,0.5129151291512916,0.1106,0.3010575399753997,94,51,0.5537515375153752,556.2349854685525
701,20201120,7507.198453970001,0.5353013530135301,0.5350553505535055,0.1538,0.5428057072570724,142,46,0.5916359163591636,557.3798770973837
702,20201123,9536.4637813,0.5081160846040335,0.5081160846040335,0.0865,0.4032485489424496,213,83,0.6069847515986228,559.3212471148652
703,20201124,8299.83748104,0.3884378843788438,0.3879458794587946,-0.2927,0.0161169987699877,173,102,0.5958179581795818,560.6908809607011
704,20201125,8630.45541931,0.1919291338582677,0.1914370078740157,-1.38265,-1.2882714566929134,67,233,0.5071358267716536,559.915493127609
705,20201126,7329.65895825,0.3666748586876382,0.3659375768001966,-0.4695,-0.4140504546571639,57,282,0.459818137134431,552.4380416049623
706,20201127,7253.31706452,0.4595723765052839,0.4590808552469894,0.0,0.0063236913246497,75,241,0.4549029245514868,549.9975071908125
707,20201130,9500.12121437,0.374231620358987,0.3737398573887386,-0.3197,-0.2425401770346693,57,214,0.4243914433243176,550.0148972631364
708,20201201,8645.36828683,0.805111821086262,0.8046202998279676,0.9073,1.301928729417547,108,23,0.5011059228311624,548.4686948970917
709,20201202,8805.810846629998,0.4863602850823298,0.4856230031948881,0.0,0.3488008110100762,106,52,0.5165888424674367,554.5271588868557
710,20201203,8260.661695750001,0.4066797642436149,0.405943025540275,-0.2654999999999999,-0.1483745825147347,73,70,0.4911591355599214,555.4942565005899
711,20201204,7485.75534763,0.4728701203044439,0.4718880432113921,0.0,0.2367327277191259,70,70,0.5050331451018905,554.3447317330973
712,20201207,7687.10058345,0.3119783996072656,0.3112420225822288,-0.8305,-0.3182385370643102,86,160,0.4194894452626411,555.0008894352968
713,20201208,7015.010866410001,0.3579308654081883,0.3579308654081883,-0.3876,-0.1735372640353027,78,199,0.3871046825202255,551.8131348863003
714,20201209,7913.469900829999,0.1402304486393724,0.1402304486393724,-2.09,-1.8417714881098308,50,470,0.2674675165481736,550.2649203224561
715,20201210,7090.6964035500005,0.446078431372549,0.4458333333333333,-0.103,-0.0331057843137254,81,413,0.2593137254901961,539.4473406993018
716,20201211,8346.990441999998,0.1851579720793534,0.1849130541268675,-1.8468,-1.569731643399461,67,830,0.2064658339456282,539.0802311822926
717,20201214,7095.71969326,0.6189427312775331,0.6189427312775331,0.4618,0.7009241556534508,91,377,0.2298091042584434,529.8713078414655
718,20201215,7094.258330449999,0.4269992663242846,0.4267547077525067,-0.1984,-0.078671949131817,72,380,0.2328197603325996,532.9517786865404
719,20201216,7008.276102389999,0.2465184461275348,0.2460298069875397,-1.2873,-1.0102481065233324,85,890,0.2181773760078182,532.2134487459706
720,20201217,7915.7702277,0.6835288367546432,0.6823069403714564,0.75415,0.8859156402737047,93,277,0.2353372434017595,526.0995187388078
721,20201218,7710.156374579999,0.336996336996337,0.3367521367521368,-0.6864,-0.3550656166056166,117,583,0.2432234432234432,530.413707459048
722,20201221,8641.488576200001,0.6482792287039297,0.647546985599219,0.5447,1.0677571149621674,170,275,0.2938735660239199,527.6516692645736
723,20201222,9573.64849702,0.1513671875,0.151123046875,-2.37195,-1.949877612304688,77,1062,0.22509765625,531.9057477062103
724,20201223,9288.49842144,0.5079287631129544,0.5074408392290802,0.0883,0.4475834837765309,132,873,0.2600634301049036,520.4117229683089
725,20201224,8258.88983331,0.1960497439648866,0.1958059009997561,-2.1531,-1.817869958546696,105,1464,0.2201901975128017,521.806123203821
726,20201225,7936.015818149999,0.6508284600389863,0.6508284600389863,0.6751,1.015778192007797,164,520,0.253167641325536,511.4457410066806
727,20201228,8808.61979533,0.2661309958607256,0.2658875091307524,-1.4925,-1.081445458972486,146,1299,0.2495738982225468,515.7697032559979
728,20201229,8595.36816421,0.5054704595185996,0.5054704595185996,0.07,-0.2356550449793338,46,442,0.2156576707999027,509.1318878281411
729,20201230,8468.12733995,0.4874848116646416,0.4874848116646416,0.0,0.5661430376670717,109,446,0.2498177399756986,508.71018649924815
730,20201231,9615.18104227,0.7631770706825358,0.7624483847461744,1.0471,1.4933500364342969,149,88,0.309205732329366,510.1502001506325
731,20210104,11640.33086645,0.683009708737864,0.6827669902912621,0.94455,1.4819416262135925,229,134,0.3924757281553398,516.6302556234307
732,20210105,12660.84510052,0.3962630429507401,0.3960203834020869,-0.4854,-0.0570826013103615,209,272,0.4088813394807085,522.8982505690249
733,20210106,11669.30774784,0.2604899345137036,0.2604899345137036,-1.6864,-1.2100000727625515,141,578,0.3747271404317244,521.4799345530782
734,20210107,12161.74628966,0.189922480620155,0.189922480620155,-3.0854,-2.4057457364341084,205,1440,0.284641472868217,513.9278619511595
735,20210108,11319.51382871,0.4904335190118672,0.4901913296197626,0.0,-0.0935052797287478,115,683,0.2734318236861225,499.81759801122047
736,20210111,12114.69255523,0.1878787878787878,0.1878787878787878,-2.6393,-2.262300290909091,86,1569,0.2191515151515151,499.5839200896434
737,20210112,10898.63995928,0.609791565681047,0.609791565681047,0.4358499999999999,0.792669074163839,137,724,0.2539990305380514,487.340116649419
738,20210113,12341.560690339998,0.2623546511627907,0.2621124031007752,-1.9608,-1.4892698885658917,108,1482,0.2424903100775193,490.3336497939642
739,20210114,11210.618886200002,0.6050909090909091,0.6048484848484849,0.5666,0.4344341575757575,62,379,0.2530909090909091,481.8752229914404
740,20210115,10362.5018349,0.7156720038816109,0.7151868025230471,1.1740499999999998,1.3680372634643378,64,56,0.2777777777777778,484.2870907809597
741,20210118,9979.34514549,0.7173333333333334,0.7168484848484848,0.905,1.554088896969697,134,40,0.3408484848484848,490.4425910076321
742,20210119,10409.130635619998,0.5638169048195689,0.5635747154274643,0.3479,0.4373719302494551,72,43,0.3872608379752967,496.4728006583716
743,20210120,9153.73139196,0.4306127391620247,0.43037054976992,-0.2282,0.4638433519011867,130,65,0.3884717849358198,498.4221314308184
744,20210121,10854.06023128,0.5358180058083253,0.5355759922555663,0.19165,0.7770371732817037,142,46,0.4370764762826718,499.0093807393789
745,20210122,11134.4954905,0.2731447909112883,0.2731447909112883,-1.5576,-0.8209445491902344,171,275,0.3608895334783659,501.4263006717263
746,20210125,12079.20101792,0.2367021276595744,0.2362185686653772,-1.9802,-1.3920755560928433,164,736,0.3063346228239845,495.4629767003095
747,20210126,10137.96072529,0.3559690671822136,0.3559690671822136,-0.6445000000000001,-0.7946276703721604,85,712,0.2696955050749154,487.1087882739322
748,20210127,9228.7822644,0.4782713664896185,0.4780299372283921,0.0,0.250731313375181,110,543,0.2783679381941091,483.6037295954999
749,20210128,9153.49762709,0.2536162005785921,0.2536162005785921,-1.19075,-1.229294768563163,40,827,0.2348119575699132,484.210002586873
750,20210129,9519.75025357,0.2556626506024096,0.2554216867469879,-1.69215,-1.406046313253012,48,1281,0.2127710843373494,478.35095316864135
751,20210201,8564.47594065,0.5615217914760414,0.5612810016855285,0.4202,0.6786487358535997,112,788,0.2612569227064772,470.9408273709006
752,20210202,9005.81830339,0.4817043813192104,0.4814636494944632,0.0,0.2239640105922002,108,627,0.2831006259027443,473.5282910349924
753,20210203,9533.99532423,0.229121540312876,0.2288808664259927,-1.8282,-1.3330300120336944,109,1287,0.2567990373044524,474.0585575109377
754,20210204,9422.31208441,0.2090952839268527,0.2088546679499519,-2.2075500000000003,-1.8096657122232915,82,1656,0.2064485081809432,466.5655168136128
755,20210205,8908.70015242,0.3012512030798845,0.3010105871029836,-1.0277,-1.2493714629451396,51,1417,0.1896053897978825,457.1940451889867
756,20210208,8059.298660250001,0.4836459836459836,0.4834054834054834,0.0,0.2553855459355459,90,1082,0.2051467051467051,451.98872762234527
757,20210209,8370.49423789,0.8096038415366147,0.8091236494597839,1.4085,1.9794577671068427,132,127,0.2496998799519807,452.565884562148
758,20210210,8750.312157710001,0.6077162712676731,0.6072369997603643,0.4501,0.9249687994248742,131,150,0.2743829379343398,460.2322550807976
759,20210218,10848.37839131,0.8649232245681382,0.8646833013435701,2.5809,2.601824736084453,150,12,0.3879558541266795,463.3965101530503
760,20210219,10421.7968454,0.8720038350910834,0.87176414189837,2.60765,2.671956375838926,135,12,0.6265580057526366,475.4047929319775
761,20210222,12926.26085668,0.62607861936721,0.62607861936721,0.70685,0.8627654841802492,160,10,0.7020613614573347,487.9545438113177
762,20210223,10210.39709591,0.3012943432406519,0.3012943432406519,-0.8798,-0.5513016299137103,125,18,0.6637104506232023,491.78404884902943
763,20210224,10633.73148027,0.4960479041916167,0.4955688622754491,0.0,-0.0494500598802395,66,26,0.6941317365269462,488.2650840796624
764,20210225,9337.22582876,0.3065134099616858,0.3062739463601532,-0.96805,-0.4769767480842912,80,30,0.6551724137931034,488.1443603914365
765,20210226,9064.03744212,0.4254249461335887,0.4254249461335887,-0.2833,-0.3309338041656691,57,54,0.64735456068949,484.6174521029759
766,20210301,8729.15638878,0.8621349928195309,0.8618956438487314,1.82405,2.223297582575395,133,12,0.7527525131641934,483.1291099971245
767,20210302,9172.41260178,0.2988753290260827,0.2986360373295046,-0.8264,-0.5259954055994257,75,38,0.7355826752811677,492.9060671742178
768,20210303,8629.09599491,0.7638755980861244,0.7636363636363637,0.8264,1.5154953110047849,139,18,0.7827751196172249,489.5730476710254
769,20210304,9717.74398163,0.2971291866028708,0.2971291866028708,-0.81555,-0.8737043062200958,81,68,0.7368421052631579,495.30569179470086
770,20210305,8762.12833465,0.6926572590289405,0.6917005501076298,0.777,0.8226498206170774,65,24,0.7579526429083951,491.1222054309033
771,20210308,9789.36638631,0.2467128854888835,0.2464738226153478,-1.1667,-1.1762133397083432,52,100,0.7064307912981114,495.0503231699963
772,20210309,9864.28894847,0.1481835564053537,0.1481835564053537,-2.61115,-2.461695219885277,38,256,0.5124282982791587,489.2510231400867
773,20210310,7495.54407321,0.2439665471923536,0.2439665471923536,-1.3871,-1.1245426762246118,31,244,0.3813620071684588,476.8415495697859
774,20210311,8037.284438680001,0.8793309438470729,0.8788530465949821,1.5674,2.1297215053763443,70,43,0.5027479091995221,470.8532716413032
775,20210312,8167.52142907,0.4553272814142379,0.4548494983277591,-0.1215499999999999,0.1164509316770186,107,150,0.4744386048733874,479.55728042361255
776,20210315,8068.197133019999,0.4296632433723429,0.4296632433723429,-0.2633,-0.2821792213995701,121,273,0.4473369954621447,479.5450539469242
777,20210316,7353.01205054,0.7347815707806159,0.7345428503222726,1.0746,1.3177365242301269,117,96,0.5158749104798281,478.23714463365934
778,20210317,7105.719866730001,0.5551312649164678,0.5551312649164678,0.27175,0.6611030548926015,76,27,0.5436754176610978,483.9576655754125
779,20210318,7365.16493554,0.4200858778625954,0.4200858778625954,-0.23495,0.2309718988549618,109,54,0.5283874045801527,486.2149725092661
780,20210319,7718.270780649999,0.4146981627296588,0.4144595561918396,-0.295,-0.202253829634932,96,88,0.5015509424958244,486.2053014475717
781,20210322,7596.84707078,0.8169483456319924,0.8167103070697453,1.1897,1.7518133301594858,193,27,0.6050940252320876,484.9964642069037
782,20210323,7883.94121158,0.2786105162978824,0.2781346657149655,-1.145,-1.049240970735189,85,73,0.5248631929574114,492.1295820296278
783,20210324,7621.81670798,0.3151760228353948,0.3147002854424358,-0.81105,-0.7324632730732635,77,131,0.4636060894386298,486.7303275706268
784,20210325,6758.17387523,0.3941050629902543,0.3936296648443071,-0.3597,-0.2746851200380318,59,105,0.4257190396957452,482.973953965564
785,20210326,7477.77148666,0.7553444180522565,0.7548693586698337,0.8648,1.3763709738717338,87,20,0.5087885985748218,481.4419965167555
786,20210329,7576.26108005,0.4423350735643094,0.4423350735643094,-0.1903,0.3546599193165639,122,63,0.5011865211200759,486.83696565773664
787,20210330,7491.679025390001,0.3096988380365189,0.3094617026322029,-1.0204,-0.6139267725871472,102,115,0.419492530234764,487.2370480797158
788,20210331,6872.5218898,0.5425860023724792,0.5425860023724792,0.2218,0.2903680427046263,110,96,0.4495848161328588,483.2555253183508
789,20210401,6574.87544604,0.4864928909952606,0.4862559241706161,0.0,0.3483250947867298,100,60,0.4687203791469194,484.4930655009932
790,20210402,7165.559354630001,0.5260663507109005,0.5253554502369668,0.15975,0.5095433175355449,90,25,0.4988151658767772,485.336870965814
791,20210406,6600.47388441,0.6749467707594038,0.674237047551455,0.6763,1.1137713508398392,121,18,0.6068133427963094,486.9610345882691
792,20210407,7397.78959607,0.6189349112426036,0.618698224852071,0.4107,0.7422527810650889,131,11,0.6563313609467456,491.319509573228
793,20210408,7670.791693530001,0.2918637653736991,0.2913907284768212,-0.91825,-0.5883605723746452,121,29,0.5517975402081362,494.151850547998
794,20210409,6944.61723734,0.4624291115311909,0.4624291115311909,0.0,0.5487118856332703,121,52,0.5349716446124764,490.42937853602746
795,20210412,7755.04645143,0.2535410764872521,0.2535410764872521,-1.3454000000000002,-1.1664503068932957,98,187,0.4098205854579792,491.7749006813598
796,20210413,6712.73517915,0.3109223873555083,0.3106864826610049,-0.856,-0.5701358575135645,54,194,0.3368719037508846,485.5985760053653
797,20210414,6538.21340812,0.7441641122376798,0.7441641122376798,0.8684,1.1471303230370196,88,60,0.4197123319971704,482.1359282973714
798,20210415,6604.67817368,0.4181603773584905,0.4174528301886792,-0.2878,-0.1755898113207547,77,156,0.4221698113207547,486.9947262139162
799,20210416,6918.383611800001,0.8004241281809613,0.8004241281809613,1.36405,1.61593383600377,121,27,0.57186616399623,485.8663842424439
800,20210419,8612.167820940002,0.7168079096045198,0.716572504708098,0.8965000000000001,1.4892934557438795,127,12,0.6772598870056498,493.10575409994425
801,20210420,8452.51975388,0.3196894848270995,0.3192190072924017,-0.6944,-0.3572792048929664,125,34,0.6386732533521524,498.9879965055508
802,20210421,7433.127117649999,0.3512561634186428,0.3512561634186428,-0.5308,-0.1484329889645457,136,58,0.5876966424043203,496.3641200084703
803,20210422,7406.85128428,0.4994130077482977,0.4989434139469359,0.0,0.4214029584409486,161,46,0.5968537215308758,494.6783855842298
804,20210423,7784.05692201,0.2782874617737003,0.2778169842390026,-1.0369,-0.8057434015525757,132,84,0.48247471183251,495.72068026003967
805,20210426,9081.84737978,0.3685694150810429,0.3683345078693916,-0.5618,-0.2796470284237725,128,132,0.4514916607939864,491.1534980575681
806,20210427,7644.50402099,0.3455016486104569,0.3455016486104569,-0.85825,-0.6683329251059821,137,232,0.3914272256241168,489.0870998003657
807,20210428,7879.35839898,0.5205447288095797,0.5203099319088988,0.1667,0.3700079361352429,160,197,0.3953979807466541,485.3539397231414
808,20210429,8220.35122705,0.4295475966069745,0.4293119698397738,-0.2736,-0.2651598256361922,124,203,0.3925541941564561,486.65640627956094
809,20210430,8665.30046796,0.3382873319179051,0.3382873319179051,-0.9233,-0.7102140127388535,161,384,0.3493748525595659,485.3454516766014
810,20210506,8752.2073888,0.577121425222691,0.577121425222691,0.395,0.5041783638068449,189,240,0.3689639006094702,481.3813586949374
811,20210507,8835.66734554,0.4168815943728018,0.4161781946072684,-0.3425,-0.4052184759671747,151,333,0.3451348182883939,483.5455972073296
812,20210510,8546.491015610001,0.5175808720112518,0.5168776371308017,0.15715,0.5335911157993437,242,382,0.3645100796999531,481.7378173223071
813,20210511,8429.41764563,0.5973295853829936,0.5973295853829936,0.4608,0.6658128367299132,176,111,0.3874443663621457,483.4015979096068
814,20210512,7652.425172409999,0.6683040935672515,0.6683040935672515,0.6235,1.112337239766082,251,73,0.4460818713450292,486.1246301371104
815,20210513,8013.693066649999,0.3383932741709481,0.3381597384399813,-0.6061,-0.2991748949089211,175,127,0.4299392807099486,490.343796317908
816,20210514,9014.28556378,0.7462616822429906,0.7457943925233644,0.9293,1.3108207943925234,188,30,0.5217289719626168,488.1243166745033
817,20210517,9298.30453166,0.3072612654681298,0.3067943030586038,-1.0025,-0.6455624562222742,131,77,0.4408125145925753,493.5916038346592
818,20210518,7519.22969974,0.5720962841785464,0.5713951857910727,0.2691,0.7009044402897874,194,62,0.4601542416452442,489.52425487972704
819,20210519,7913.13217171,0.3635514018691588,0.3630841121495327,-0.4884,-0.0376591121495327,157,76,0.4514018691588785,491.8984583840415
820,20210520,8642.75835962,0.3579413134606428,0.3577084303679553,-0.53525,-0.1731054960409874,147,102,0.4261760596180717,490.6046200526153
821,20210521,8078.19662881,0.4752037252619325,0.4749708963911525,0.0,0.3187708032596042,147,94,0.4388824214202561,488.8670076576285
822,20210524,8419.79394293,0.6072676450034941,0.6072676450034941,0.4145,0.6769626135569532,173,84,0.4975541579315164,489.6461903012192
823,20210525,10062.66764858,0.6536403814840661,0.6531751570132589,0.4594,1.034843312398232,194,38,0.5759478948592696,492.31834285414106
824,20210526,9666.38622131,0.6022304832713755,0.6022304832713755,0.3788,0.7752523698884759,201,18,0.666589219330855,495.996559811045
825,20210527,9393.61964846,0.6010218300046447,0.5998606595448212,0.38205,0.8678534602879703,239,10,0.7245703669298653,498.85858983757737
826,20210528,10159.06655462,0.3126015316778835,0.3123694592712926,-0.7431,-0.2617626595497795,221,42,0.64771408679508,501.9762152257392
827,20210531,10091.99052008,0.6520528879610299,0.6518209232196706,0.6585,1.278700510322431,324,36,0.6928786824402691,499.4541294524269
828,20210601,10466.71892356,0.634508348794063,0.6335807050092764,0.49995,0.8869720315398888,286,16,0.7446660482374768,504.2918434247163
829,20210602,10127.06949919,0.3200463499420625,0.3198146002317497,-0.8163,-0.360421460023175,178,31,0.6813441483198146,507.7889107645743
830,20210603,9553.88528682,0.4277443260768874,0.4272811486799444,-0.1986,0.0846161648911533,197,37,0.6690597498842057,504.801280222282
831,20210604,9371.31664047,0.4174577448483445,0.4165316045380875,-0.2743,-0.0309417689279925,195,46,0.6191247974068071,504.513584292844
832,20210607,9489.38105282,0.5890252373234545,0.5887937022458902,0.4357,0.9994744616809448,297,66,0.6293123408196342,503.7435911982553
833,20210608,9851.48401827,0.4510756419153365,0.4510756419153365,-0.1335,0.0847927596576451,214,54,0.6134628730048577,507.3583908848712
834,20210609,8808.21801013,0.4882053654024051,0.4879740980573543,0.0,0.3714507863089731,239,59,0.6267345050878816,507.23483074944846
835,20210610,10020.1711535,0.4987283236994219,0.4982658959537572,0.0,0.5467780115606935,276,73,0.6279768786127168,508.1768946330744
836,20210611,11209.664237190002,0.3403371045947818,0.340106211036712,-0.7477,-0.5377348187485569,220,97,0.5679981528515354,509.5661943929172
837,20210615,10002.96253765,0.3121534195933456,0.3121534195933456,-1.21245,-0.7363162430683919,218,190,0.4674214417744917,506.291123749268
838,20210616,9319.85701838,0.2882882882882883,0.2878262878262878,-0.956,-0.9129047355047356,123,195,0.3869253869253869,501.3579084936293
839,20210617,8917.733011280001,0.528380249192432,0.528380249192432,0.1777,0.8546410475311491,190,192,0.4051684356252884,496.6729576467968
840,20210618,10098.69033938,0.6140715109573242,0.6140715109573242,0.5158,0.973179169550173,219,130,0.4445213379469435,499.23663705368426
841,20210621,10140.81111804,0.6298776264142231,0.6296467328561534,0.5871,1.2756119141075963,335,107,0.4885707688755483,502.9534018199303
842,20210622,10111.75179131,0.57640009218714,0.57640009218714,0.3393,0.7821771145425214,300,37,0.5344549435353768,507.637688288985
843,20210623,10730.46580967,0.4705069124423963,0.4700460829493088,0.0,0.7822534331797235,302,50,0.5465437788018433,510.4842085384618
844,20210624,10127.50574684,0.3472254202164402,0.3465346534653465,-0.6977,-0.5491812802210454,207,79,0.5061017729679945,512.4808486620279
845,20210625,10543.74424752,0.5064397424103035,0.5059797608095676,0.06235,0.4036139374425023,213,49,0.5080496780128795,509.2858347786856
846,20210628,10172.52363549,0.5229779411764706,0.5222886029411765,0.14895,0.6910406250000001,288,60,0.51953125,510.4723789429714
847,20210629,9972.26550038,0.2610192837465565,0.2607897153351698,-1.1765,-0.745675160697888,226,142,0.424931129476584,512.6163390061392
848,20210630,9423.22150704,0.5734281780633318,0.5734281780633318,0.3139,0.9567930702156952,314,115,0.4745296007342818,507.6896470371118
849,20210701,10196.75954626,0.2522935779816513,0.2520642201834862,-1.4136,-1.2680816055045874,177,130,0.3610091743119266,510.9152356186633
850,20210702,10026.41874676,0.3629069234296194,0.3629069234296194,-0.56655,-0.4630635259055479,185,252,0.3243924805135259,504.0646756720103
851,20210705,10055.98416008,0.694775435380385,0.694775435380385,0.97765,1.44968006416132,293,162,0.4026122823098075,501.4697166319948
852,20210706,11198.39366825,0.5136186770428015,0.5133897917143511,0.1233,0.1989042343785763,192,102,0.420004577706569,507.5558792292313
853,20210707,10500.77541444,0.5285779606767261,0.5283493369913123,0.15275,0.9436595336076816,302,64,0.4510745313214449,508.3735624965884
854,20210708,11968.428994159998,0.3213796253997259,0.3213796253997259,-0.9295,-0.2858080630424851,300,258,0.4227957971676565,511.1604905993652
855,20210709,11273.73311104,0.6010504681434118,0.6008221055035396,0.435,0.8892539164192739,320,146,0.4592372687828271,508.0544032706944
856,20210712,13176.04270907,0.6499200730760447,0.6499200730760447,0.5985,1.2604884220141583,401,84,0.5339118520210093,511.4183684371208
857,20210713,12198.61137491,0.5669938370235106,0.5669938370235106,0.2967,0.6442059803697786,373,65,0.56973293768546,516.1719725657706
858,20210714,12147.262878179998,0.2817994976021923,0.2815711349623201,-0.9565,-0.7532556748116008,224,199,0.5087919616350765,518.6003190452026
859,20210715,11713.93997731,0.3318109157341858,0.3311258278145695,-0.8876,-0.3839127426353049,226,354,0.4274948618406028,514.1669198529694
860,20210716,11813.01777592,0.3965320556696327,0.3963039014373716,-0.2736,0.0101640885238421,226,354,0.4175222450376454,510.8980709007964
861,20210719,11214.94401577,0.4089456869009584,0.4087174806024646,-0.46425,0.279534687357371,218,441,0.4057507987220447,510.2251264059007
862,20210720,9664.76590294,0.4862029646522235,0.4855188141391106,0.0,0.3608843785632839,223,329,0.4100342075256556,509.7538944371897
863,20210721,12089.61062828,0.6484945255474452,0.6478102189781022,0.5643499999999999,1.2283130702554743,370,185,0.4842609489051095,510.6737055242605
864,20210722,13006.27607768,0.5191343963553531,0.5186788154897495,0.1416,0.7789787927107061,443,208,0.510250569476082,515.2510349884798
865,20210723,13785.199926539995,0.2734517304189435,0.273224043715847,-1.4228999999999998,-0.9103511612021856,337,505,0.4414845173041894,517.622680867143
866,20210726,14185.83922894,0.2454504094631483,0.2452229299363057,-1.7424499999999998,-1.287128093721565,266,798,0.3721565059144677,511.5839622611538
867,20210727,15337.40603832,0.2190129633841255,0.2185581078007732,-1.7341,-1.8638653172617696,112,896,0.3022515351375938,503.83454443532537
868,20210728,12695.85426909,0.2094978413996819,0.2090433992274483,-2.682,-2.1682007725516925,99,1133,0.1938195864576232,494.77064835274194
869,20210729,12492.06027161,0.831705655235067,0.831705655235067,1.5884,2.6474670679082446,283,291,0.2866227572109925,482.7719634483601
870,20210730,13394.680301,0.5978211529732184,0.5975941897412619,0.5801499999999999,1.0620950748978666,318,360,0.3261461643213799,492.9967527547617
871,20210802,15125.75463582,0.7957794417971409,0.7950987066031314,1.589,1.9385383253914228,357,68,0.4020875879282959,497.0448602005224
872,20210803,14158.96444291,0.4620095259696076,0.4617827171694261,-0.0912,-0.2042830120208664,209,59,0.4087094579269675,505.8115841695033
873,20210804,12887.70817641,0.589127972819932,0.5886749716874292,0.4049,1.4588788448471122,348,110,0.4586636466591166,505.064290517476
874,20210805,12906.559454359998,0.3070830504639059,0.3070830504639059,-1.0178,-0.5029772572980312,271,175,0.4335822584295089,509.77093121724687
875,20210806,12247.218180249998,0.4141596923772902,0.4139334992083239,-0.3232,0.1623932594435648,264,256,0.4272788961773354,505.8946910241128
876,20210809,12487.83170841,0.7042986425339367,0.7040723981900453,1.06855,1.1861276923076924,232,20,0.5020361990950226,505.4879346424708
877,20210810,13438.347260739998,0.6774412296564195,0.6769891500904159,0.6416999999999999,1.111822490958409,333,12,0.5854430379746836,511.1864964923161
878,20210811,12824.08520177,0.5122061482820977,0.5119801084990958,0.1242,0.8182671338155516,387,23,0.6195750452079566,515.6683815856836
879,20210812,13045.94009435,0.4643179765130985,0.4638663053297199,0.0,0.4298826784101174,350,27,0.6465672990063234,518.0983840936454
880,20210813,12969.39278991,0.4157455447778028,0.4155199639070607,-0.2758,0.1098263252876156,365,49,0.6318520189487932,519.2119916988161
881,20210816,12568.50891465,0.5147688838782413,0.514543404735062,0.1456,0.196597519729425,224,33,0.6583990980834273,518.7811140877311
882,20210817,13080.21873045,0.135196034249662,0.1347453808021631,-2.49475,-2.204732897701667,85,151,0.4587652095538531,519.6687421403476
883,20210818,11969.47094277,0.668769716088328,0.6685443893645786,0.6972,1.0136740648940965,156,89,0.5340243352861649,507.45787030955415
884,20210819,12147.023312119998,0.3758162575996397,0.3758162575996397,-0.4975,-0.1967684755685656,142,128,0.5212789912181941,511.79885285624914
885,20210820,12522.221433920002,0.342034203420342,0.3415841584158416,-0.7121,-0.5901596759675967,181,276,0.4545454545454545,510.0222238093979
886,20210823,13223.242379619998,0.8217821782178217,0.8215571557155715,1.8635,2.564405265526553,360,54,0.632988298829883,506.7013169298264
887,20210824,14080.32295096,0.5373201438848921,0.5368705035971223,0.19675,0.6866098920863309,337,61,0.6513039568345323,517.9194440762404
888,20210825,13142.12402723,0.5995052844614347,0.5990555430627389,0.464,0.7712009219698673,414,50,0.6662918821677536,520.2069903973834
889,20210826,13740.49113514,0.3472690492245448,0.3470442796133963,-0.8075,-0.5090284783097326,338,150,0.5994605529332434,523.4197911681534
890,20210827,13440.14294697,0.4022471910112359,0.4015730337078652,-0.4407999999999999,-0.1703549887640449,361,226,0.5483146067415731,519.9743058622344
891,20210830,15778.266963340002,0.4350561797752809,0.4343820224719101,-0.3205,0.191370606741573,399,291,0.5249438202247191,518.3853814069502
892,20210831,14816.93229383,0.4690941784670712,0.4690941784670712,-0.111,-0.0520150146100247,368,261,0.5167453360305687,518.0506874580745
893,20210901,17107.432581470002,0.4995505617977528,0.4993258426966292,0.0,-0.2677053932584269,180,88,0.5069662921348315,517.628437256151
894,20210902,14337.12808796,0.5935251798561151,0.5933003597122302,0.44535,1.080054743705036,390,133,0.5447392086330936,516.935577634364
895,20210903,15727.67273697,0.5508093525179856,0.5496852517985612,0.29245,0.149983970323741,253,50,0.554181654676259,520.8782575459309
896,20210906,14258.57293206,0.6932584269662921,0.692808988764045,0.77885,1.2616133932584268,329,12,0.6006741573033708,522.0305287236376
897,20210907,14019.64987414,0.654243376740009,0.6533453075886844,0.5355000000000001,1.2153505837449483,446,19,0.652896273013022,527.3564496437573
898,20210908,14743.60489539,0.6144524236983842,0.6142280071813285,0.5659000000000001,0.836402827648115,497,22,0.6885098743267505,531.9730613822595
899,20210909,14317.92569318,0.4373458865725174,0.4368975566016588,-0.2004,0.1427628782784128,497,36,0.6659941717103789,535.7029980233043
900,20210910,15436.045073,0.3276557597489914,0.3272075302554908,-0.8528,-0.3674023083818916,221,48,0.6371582250112058,535.5486161287859
901,20210913,14628.24688547,0.5543867502238138,0.5534914950760967,0.31875,0.6822628245299911,470,74,0.6309310653536258,532.2812278405305
902,20210914,15128.2855102,0.2580500894454383,0.2578264758497317,-1.53545,-0.7708661225402504,203,82,0.5491949910554562,534.9453295171552
903,20210915,13543.38523909,0.565742397137746,0.5648479427549195,0.33055,0.6189166368515205,334,127,0.556350626118068,528.77656432644
904,20210916,14780.22968215,0.2377012522361359,0.2374776386404293,-1.4688,-1.3470771914132378,178,202,0.4695885509838998,531.2868428573247
905,20210917,13428.00423331,0.3968253968253968,0.3961547060138609,-0.5889,-0.2662137491616365,208,170,0.4180639391906997,523.8066503428253
906,20210922,11522.81132498,0.4827740492170022,0.4825503355704698,0.0,0.4558055928411633,336,228,0.4062639821029082,521.567078999773
907,20210923,13210.81129526,0.6541387024608502,0.6532438478747203,0.7082999999999999,0.7569585458612975,285,58,0.4769574944071588,522.7557449580225
908,20210924,12830.33281502,0.2205323193916349,0.2196376649519123,-1.8634,-1.37806486244688,111,173,0.3679266383359427,526.5856065715117
909,20210927,13652.94865073,0.1926605504587156,0.1922130230476616,-2.9818,-2.6265657194003134,67,353,0.2235399418214365,518.0510628676525
910,20210928,10435.24548934,0.5524256651017214,0.5519785378940308,0.2356,0.3935488710038006,112,245,0.2354124748490945,503.5239637582233
911,20210929,10775.00001356,0.1060741402411791,0.1060741402411791,-2.8062,-2.823992094685127,37,623,0.1531933899062081,505.1079214248325
912,20210930,9502.25181635,0.8417410714285715,0.8415178571428571,1.57695,2.1575230133928573,92,62,0.2084821428571428,490.8886482939879
913,20211008,10603.44089672,0.7659526996876395,0.7659526996876395,1.6393,1.4752987282463188,134,21,0.2911646586345381,500.0547003421619
914,20211011,9918.98531284,0.4539370956948472,0.4534909658710684,-0.0977,-0.1533457283069373,103,33,0.2877537363372741,507.8420490108584
915,20211012,9962.53748875,0.1754346856888096,0.1749888542131074,-1.6715,-1.5887862906821222,68,115,0.231832367365136,507.20459112556426
916,20211013,8894.11202952,0.573211499888567,0.5729886338310676,0.3424,0.3811927791397371,50,31,0.2449297971918876,498.9364302504757
917,20211014,8606.46328958,0.5294117647058824,0.5289661319073083,0.1561,0.6569002228163993,83,32,0.2693850267379679,500.7415642413708
918,20211015,9888.01990473,0.288195991091314,0.287750556792873,-0.96025,-0.6820452115812917,59,139,0.2447661469933184,502.7770792578791
919,20211018,10019.79784538,0.6064516129032258,0.6060066740823137,0.5072,0.7596769744160177,87,166,0.2720800889877642,498.6485373090888
920,20211019,9730.87755589,0.5094507449410718,0.5090060040026685,0.0745,0.5847355570380254,106,113,0.3108739159439626,501.8071690603043
921,20211020,10197.58558946,0.3554123138475217,0.3549677706156924,-0.5474,-0.1565252722827294,89,223,0.3111802622805067,503.46121470341
922,20211021,9927.53188046,0.2975793915167666,0.2971352431712192,-0.8144,-0.4850630024428158,77,324,0.2949145014434821,501.68921934019056
923,20211022,10149.98148766,0.3035079928952042,0.3023978685612788,-0.87995,-0.8492773534635879,53,357,0.2844138543516873,498.4295864439056
924,20211025,10145.576773829998,0.558392539964476,0.558392539964476,0.29155,0.7046052175843694,106,359,0.3103907637655417,494.12009607063385
925,20211026,10821.42144488,0.3550033281562014,0.3545595739960062,-0.6325,-0.3734192367428444,81,441,0.3099622808963834,496.58119762970415
926,20211027,10765.76646267,0.1998670507423,0.1992023044538001,-2.0183,-1.6510873033458895,95,1032,0.2583647241302902,494.0835947332016
927,20211028,11072.84270422,0.228590396105333,0.2283691082097809,-1.7685,-1.8172968798406728,62,1152,0.2177472892232795,485.0186743866741
928,20211029,11381.61621941,0.7743362831858407,0.7736725663716815,1.38025,1.5463428761061948,88,170,0.2745575221238938,476.3227821402731
929,20211101,12228.8285574,0.688122096881221,0.688122096881221,0.8598,1.27085498783455,127,130,0.336208803362088,483.2927964449671
930,20211102,12578.463735869998,0.245579133510168,0.2446949602122015,-1.6301,-1.2266772546419098,107,562,0.3101237842617153,488.441447481617
931,20211103,10000.1625278,0.6538461538461539,0.6534040671971706,0.5807,0.7093795534924846,95,123,0.3284703801945181,481.4646053946677
932,20211104,10784.68244584,0.7317127071823204,0.731049723756906,0.8375,1.4176408397790057,163,93,0.4013259668508287,484.57024361041766
933,20211105,11507.65679895,0.3962430939226519,0.3962430939226519,-0.4348,-0.4107643093922651,108,210,0.4057458563535911,490.0341143409553
934,20211108,10386.42911228,0.572470172337605,0.5718073353954927,0.3717,0.5983645824127265,134,137,0.4379142730888201,487.9623375535985
935,20211109,10106.664062320002,0.6850950906678461,0.6846528084918178,0.6644,1.1238475011057054,161,62,0.515922158337019,490.3291124596588
936,20211110,10799.27637218,0.6026519337016575,0.6026519337016575,0.3889,0.6840707624309392,182,70,0.5615469613259668,494.7132615100356
937,20211111,11228.8229804,0.6662245800176835,0.6655614500442086,0.6895,1.0458129310344828,200,12,0.6503094606542882,497.3673258369712
938,20211112,10988.45120479,0.5983660852285273,0.5977036873482005,0.4224,1.0957599690880988,304,38,0.6756458379333186,501.6827655969658
939,20211115,11578.55517572,0.666960935775767,0.666960935775767,0.8696,0.9284065548444052,325,105,0.7585521959832267,505.4909390565194
940,20211116,11134.529123969998,0.2712836347595941,0.2710630789589766,-1.0178,-0.7350848478164976,171,118,0.7104102337891487,510.0353191657098
941,20211117,10369.10946028,0.7237045203969129,0.7237045203969129,0.9217,1.4430507828004409,242,50,0.7611907386990077,505.5651532516257
942,20211118,11241.20355442,0.2812155912794539,0.2801145122219775,-1.0405,-0.6467528297731777,153,99,0.7209865668354988,511.54283121116777
943,20211119,11128.92313765,0.7252916574950473,0.7246313009024874,0.813,1.2280005723090468,188,67,0.7792207792207793,507.22732076361166
944,20211122,12544.580257789998,0.5316761988561373,0.531236251649802,0.16935,0.9635276066871976,267,34,0.8040035195776507,512.4035770234583
945,20211123,12281.705736150005,0.5269408401143612,0.5265009896635144,0.1368,0.4164794149989004,252,18,0.8157026610952276,515.3060297134398
946,20211124,12021.48936877,0.5068191816981962,0.5065992080950286,0.06405,0.474049802023757,218,29,0.8145622525296964,516.7315708067661
947,20211125,11128.72184487,0.4345722454365516,0.4332526940840114,-0.1876,0.0376878821200791,179,50,0.7917308115240818,518.1218365865188
948,20211126,11013.87926214,0.3397097625329815,0.3390501319261214,-0.6647000000000001,-0.111816798592788,184,77,0.7324098504837291,517.7334728773062
949,20211129,11773.02380206,0.3550230819960431,0.3548032534622994,-0.7429,-0.0038472411519015,247,130,0.642119147065289,515.7233291828911
950,20211130,12203.802108140002,0.6338461538461538,0.6334065934065934,0.617,0.8151372967032968,237,91,0.6896703296703297,513.7977543165662
951,20211201,11461.413240289998,0.7075368050977807,0.7068776093166337,0.9744,1.0446353768402548,245,54,0.7539002417051197,517.476898951162
952,20211202,11530.36354585,0.2409400395343729,0.2407204041291456,-1.2528,-1.097976630792884,126,68,0.665056007028333,522.7009197795619
953,20211203,11349.88949121,0.5802767406105864,0.5802767406105864,0.2725,0.4197161871293652,163,70,0.6745003294531079,516.5571542440032
954,20211206,12032.618997480002,0.2101799034664326,0.2101799034664326,-1.6502,-1.437549824484423,110,109,0.4907854322071084,518.345000362729
955,20211207,11995.24313851,0.3760964912280701,0.375219298245614,-0.6024,-0.5693071052631579,92,94,0.4138157894736842,510.342401943267
956,20211208,11013.03635055,0.7101512826134619,0.7099320324490244,0.6997,1.199583249287437,126,18,0.4856391142293356,507.35254285089707
957,20211209,12638.217572280002,0.5831689677843525,0.581415735261889,0.3445,0.495385426254657,131,27,0.5299145299145299,512.1705737814976
958,20211210,12352.081649310005,0.4899255365746824,0.4892685063512921,0.0,0.4066222952255804,150,31,0.546868155935173,514.3213967848754
959,20211213,12705.12315765,0.496933858957512,0.4958388085851949,0.0,0.4126931449846693,157,10,0.5635129215943934,515.3670695190968
960,20211214,11409.10689022,0.5446780551905388,0.5444590451160753,0.24595,0.5689553876478318,206,6,0.5759964958388086,516.4305118028037
961,20211215,11359.27254886,0.4587256404641996,0.4580687541055397,-0.0551,0.239525465294504,193,27,0.5848478213269105,518.5347218348729
962,20211216,11133.59425474,0.6515648938498577,0.6506894287590282,0.5076,0.915808404464872,218,22,0.632523528124316,519.0128768716017
963,20211217,11590.92202783,0.2956883344276647,0.2952506018822499,-0.8977,-0.7470725322827753,188,54,0.5530750711315386,522.7067133264244
964,20211220,11580.21170622,0.3090551181102362,0.3086176727909011,-1.09255,-0.9985173665791776,189,104,0.4759405074365704,518.4080451038288
965,20211221,10001.69283181,0.7928243272806825,0.7921680157514767,1.2486,1.5742296215270182,285,42,0.5615838984904835,512.9879143753852
966,20211222,10622.80167284,0.5097267759562841,0.5088524590163934,0.087,0.5100861202185792,268,39,0.5921311475409836,520.2283017763062
967,20211223,10771.32702562,0.3286774334351811,0.3275862068965517,-0.88795,-0.4697068092536011,180,84,0.5597992143168922,521.7814072679838
968,20211224,11316.25535125,0.2246455834242093,0.2242093784078516,-1.8382,-1.6404780152671758,156,165,0.4327153762268266,518.2394068653873
969,20211227,9745.80775349,0.5941997383340601,0.5935455734845181,0.4101,0.457495660706498,180,86,0.4576973397296118,509.2254667088487
970,20211228,10024.79564136,0.5996949226410982,0.5988232730442362,0.4587,0.634941381564611,154,30,0.502288080191763,511.4344757350378
971,20211229,9971.433134739998,0.4124183006535947,0.4117647058823529,-0.2491,-0.0819781699346405,139,34,0.4895424836601307,514.231105268151
972,20211230,10177.35132927,0.6369773519163763,0.6358885017421603,0.46775,0.9942435104529616,241,27,0.5607578397212544,513.3798518018727
973,20211231,10600.42857727,0.5944238727945981,0.5933347854497931,0.3367,0.6107587889348727,292,19,0.5994336745807014,517.132641860531
974,20220104,12660.88146184,0.7184233449477352,0.7168989547038328,1.2987,1.1069162020905925,468,31,0.6600609756097561,519.5824511934103
975,20220105,13048.79165908,0.2416721097322011,0.2412366644894404,-1.3447,-1.3991636185499674,210,100,0.5754408883082952,525.8320310079744
976,20220106,11364.74310475,0.6454842219804134,0.6452665941240479,0.5906,0.8854208705114254,259,49,0.6058759521218716,518.6179741112193
977,20220107,12070.19102648,0.2133536320139191,0.2131361461505002,-1.82775,-1.561740669856459,153,138,0.5100043497172684,522.4454288792718
978,20220110,10511.91802957,0.666304111376985,0.666086578203176,0.7052,0.8950038720904938,231,72,0.5592777898629541,513.5913093457946
979,20220111,10555.4317425,0.3669565217391304,0.3667391304347826,-0.5,-0.415875347826087,197,126,0.532608695652174,517.7005633552304
980,20220112,10609.78424894,0.7290308561495003,0.7283789656671013,0.9641,1.3766088005215125,252,19,0.6064754454584963,515.3298174375667
981,20220113,10933.65632668,0.269389528568325,0.269389528568325,-0.9569,-0.884391809689333,215,97,0.5524657831848794,521.361002631803
982,20220114,11068.227183260002,0.3319574190745166,0.3317401694547034,-1.1315,-0.4467108842059526,201,120,0.4353682381055833,516.5611139116162
983,20220117,11194.73895185,0.7156820156385751,0.7148132059079062,1.1103999999999998,1.603913748913988,325,47,0.5490877497827976,512.4849020499519
984,20220118,11957.89071427,0.2907986111111111,0.2901475694444444,-1.328,-1.2463145833333331,139,95,0.4207899305555556,519.440126128677
985,20220119,10651.51151674,0.5096592142392012,0.5094421532450618,0.1072,0.0871142392012155,187,155,0.4540915997395268,512.7541146693692
986,20220120,11288.58854709,0.1616753472222222,0.1614583333333333,-2.75905,-2.366228776041667,108,339,0.2903645833333333,513.2522917978156
987,20220121,9842.51518351,0.2983293556085918,0.2983293556085918,-0.9653,-1.1595548058147105,77,360,0.2417010197439791,500.09948640828514
988,20220124,8640.242217519999,0.3863833477883781,0.3859496964440589,-0.4512,-0.2721372289679097,72,265,0.2101040763226366,494.7862924228846
989,20220125,9365.98921089,0.0581092801387684,0.0578924544666088,-4.2179,-4.034849566348655,41,883,0.1051604509973981,492.9968056944222
990,20220126,7940.42650623,0.669412529807067,0.6689789724691091,0.6924,0.6620989594623888,35,346,0.1135920225449815,472.6539098223927
991,20220127,8228.10137104,0.057371725481706,0.0571552284044165,-3.1,-3.226742173630656,11,1200,0.0625676553366529,475.8549559675941
992,20220128,8186.13323385,0.7123702422145328,0.7123702422145328,1.25085,1.219002487024221,33,359,0.0737456747404844,460.8018978753374
993,20220207,8229.20114731,0.745674740484429,0.745242214532872,1.4376,1.3822840830449827,72,162,0.1252162629757785,466.4924614428018
994,20220208,8785.66061135,0.7852044127190136,0.7852044127190136,1.4692,1.3900345446679647,118,139,0.2026822409690677,473.069734777217
995,20220209,9315.44106005,0.7567567567567568,0.7565405405405405,0.9174,1.4601216,105,56,0.2825945945945946,479.8328214157766
996,20220210,9361.33675567,0.3673292999135695,0.3666810717372515,-0.39615,-0.3113761235955056,155,160,0.3001296456352636,485.53688590230144
997,20220211,9913.242946830002,0.1289974070872947,0.1289974070872947,-2.1538,-1.9996013828867765,103,368,0.2474070872947277,483.819235748576
998,20220214,8622.3331177,0.4707280190105854,0.4705119896305897,0.0,0.0154445236552171,84,297,0.2480017282350399,473.7717583344492
999,20220215,8273.327319200002,0.5141438134312244,0.5141438134312244,0.105,0.5339806089397539,68,76,0.2543727056791189,473.8083442300931
1000,20220216,8068.79730526,0.7601985754370818,0.7597668897042953,0.9836,1.269351349017915,104,33,0.364774444204619,475.3221159516775
1001,20220217,9086.61515808,0.3410317289013598,0.3410317289013598,-0.6061,-0.2314165335635657,53,83,0.3690913015324844,480.6765039634344
1002,20220218,8073.63112936,0.660267471958585,0.6596203623813632,0.5406500000000001,0.7467864106988784,110,61,0.4419758412424504,478.6636313666099
1003,20220221,9002.10255608,0.7310181190681622,0.730802415875755,0.9709,1.3669222605694566,175,49,0.5929680759275238,481.74487630410346
1004,20220222,9780.36891513,0.1912874703472072,0.1912874703472072,-1.3688,-1.036366961397455,114,188,0.5039896484796205,487.3760457827985
1005,20220223,10406.92420004,0.7639068564036222,0.7636912462268219,1.19425,1.6965259594652868,142,23,0.6731349719706771,481.5149419673319
1006,20220224,13624.04480317,0.1405475317956456,0.1399008406984264,-2.6917,-2.341491355895667,69,268,0.4311273981461522,488.47470105914425
1007,20220225,10184.82481811,0.7191205001077818,0.7189049364087088,0.8321,1.0174858805777107,86,73,0.5574477258029747,476.1817678444213
1008,20220228,9488.047098440002,0.425,0.4247844827586207,-0.2874,0.0358037284482758,86,184,0.5543103448275862,480.58546321638914
1009,20220301,9687.25560812,0.6821805645335057,0.6808877397112691,0.6278,0.8435959060547296,110,76,0.6259426847662142,479.98089566285313
1010,20220302,8977.90007615,0.559051724137931,0.559051724137931,0.2143499999999999,0.4301147413793104,127,101,0.6450431034482759,483.5121052871672
1011,20220303,10100.02531533,0.3987068965517241,0.3987068965517241,-0.4728,-0.2285970689655172,160,190,0.5991379310344828,485.07013780660543
1012,20220304,10060.66855714,0.2195647489765136,0.2193492781728075,-1.268,-1.1143670976082742,79,300,0.4755440637793579,483.36900394210414
1013,20220307,10243.4129232,0.1790176647996553,0.1788022404136148,-1.63835,-1.488637333046101,90,653,0.3369237397673417,477.61119188712735
1014,20220308,11096.88848758,0.0959051724137931,0.0956896551724137,-3.3074,-3.11869349137931,45,1152,0.1659482758620689,470.1437711513668
1015,20220309,11614.5167858,0.2321621039017029,0.2317309765035568,-1.9231,-1.3554467342099592,71,1454,0.1457210605733994,455.0378320123252
1016,20220310,10785.16274251,0.7687998276233571,0.768584356819651,1.3413,1.755564059469942,79,284,0.2128851540616246,447.5785180218953
1017,20220311,10499.779395639998,0.6233850129198967,0.6229543496985357,0.54735,0.7346274117140397,75,195,0.2398794142980189,454.5089671531595
1018,20220314,9696.32732774,0.0927081092708109,0.0924930092493009,-2.8933,-2.645984190148419,46,1110,0.1585287158528716,457.4223182997187
1019,20220315,11237.92321894,0.0528691166989039,0.0524392864818396,-5.4603,-5.034993788953363,33,2316,0.0825274016763378,444.7533572198254
1020,20220316,11916.92864883,0.9142672969488612,0.9142672969488612,2.8605,3.0730075633863345,76,120,0.1256983240223463,421.41427148159846
1021,20220317,12751.768349589998,0.7927405498281787,0.7927405498281787,1.41365,1.897881572164948,67,20,0.1692439862542955,433.9165953173736
1022,20220318,9902.14362637,0.7466723915843709,0.7460283383426364,1.1012499999999998,1.3224703520824388,91,37,0.227565478746243,441.10123784277255
1023,20220321,10149.666217249998,0.6851255634256278,0.6846962867568148,0.8212,1.3526311010946557,138,16,0.3060742648637046,446.446768080214
1024,20220322,9626.47843903,0.4184351554126473,0.4182207931404073,-0.2899,-0.1265644587352626,117,58,0.3163987138263666,451.2992674273938
1025,20220323,9426.79851241,0.4867180805484147,0.4862896315338474,0.0,0.2998929734361611,86,39,0.3449014567266495,450.3595169017099
1026,20220324,9199.54656079,0.2018427255196057,0.2016284551103492,-1.5079,-1.1265533319048642,73,122,0.2929076494536105,451.0348151749046
1027,20220325,9181.107868639998,0.3739018641525605,0.3739018641525605,-0.4467,-0.4283059995714591,96,227,0.2826226698092993,445.0936643166915
1028,20220328,8701.83802922,0.3816663097022917,0.3816663097022917,-0.4781,-0.4268831441422146,98,367,0.2747911758406511,443.14636618344974
1029,20220329,8637.52344467,0.2416523972602739,0.2412243150684931,-1.3373499999999998,-0.9137433861301368,88,609,0.2626284246575342,441.1411662245303
1030,20220330,9580.70577292,0.8097581853199229,0.8091161994436122,1.3129,1.5962156002567944,99,42,0.3607960624866252,436.17591641634135
1031,20220331,10087.72507552,0.4418505033197686,0.4416363246947954,-0.2554,-0.2174308203041336,133,238,0.3893767402013279,442.5203472308568
1032,20220401,9352.59817045,0.4193617476975798,0.4193617476975798,-0.3212,-0.1970536517455558,132,304,0.4114371385735703,441.4741609369446
1033,20220406,9657.08060504,0.6906598114824336,0.6902313624678663,1.0189,0.9756856898029134,185,290,0.5158526135389888,440.3301829566602
1034,20220407,9226.91187589,0.1237952452345255,0.1237952452345255,-2.5117,-2.273682351681302,59,790,0.3739558792032555,444.7215643652285
1035,20220408,9261.43652546,0.332762312633833,0.3323340471092077,-0.99275,-0.6916517130620986,101,1022,0.3394004282655246,434.0807507376012
1036,20220411,9634.15894737,0.1194860813704496,0.1194860813704496,-3.2644,-2.9299698286937903,75,1774,0.247323340471092,430.4249189368527
1037,20220412,9160.79377491,0.8027807486631016,0.8021390374331551,1.6888,1.704011743315508,109,257,0.3240641711229946,417.09386327995065
1038,20220413,8731.06390573,0.1795255396452233,0.1790980978841632,-2.1,-1.9228591793118188,72,1166,0.2641590083351143,424.1694680669559
1039,20220414,8697.47601464,0.6747863247863248,0.6747863247863248,0.6013,0.8797306196581196,105,445,0.2965811965811966,415.6375978759711
1040,20220415,9108.08406339,0.2157365832798802,0.2155227710070558,-1.9262,-1.702086829163994,45,1316,0.2302758178319435,418.7154579216484
1041,20220418,7780.614901600001,0.6033376123234917,0.6033376123234917,0.6369,0.7224789687633718,57,385,0.2270004278990158,411.119359015926
1042,20220419,7791.40473477,0.5737179487179487,0.5735042735042735,0.33955,0.4209434401709401,70,318,0.257051282051282,413.9136940674146
1043,20220420,8203.69124928,0.2763185991885543,0.2754644458680333,-1.0789,-1.003293700619261,57,715,0.2265641682682041,415.48758731309056
1044,20220421,8560.87622627,0.0710324232081911,0.0710324232081911,-4.0436,-3.732257188566553,29,2074,0.1318259385665529,411.1619591281465
1045,20220422,7530.604558659999,0.344489447878917,0.344489447878917,-0.9983,-0.8937335322958857,39,1816,0.1338733745470049,395.176275750388
1046,20220425,8964.84357345,0.0313299232736572,0.0313299232736572,-8.273150000000001,-7.507793712702472,12,3254,0.0545609548167092,391.4378419259504
1047,20220426,8385.160317830001,0.15863539445629,0.15863539445629,-3.7432,-3.4310557569296374,12,3261,0.0432835820895522,360.5515491736746
1048,20220427,9173.89260872,0.8382415706359369,0.8382415706359369,2.9762,2.9980544387537345,17,409,0.0586854460093896,347.61810403702896
1049,20220428,8402.796686599999,0.2590297072023936,0.2588159863218636,-1.9835,-1.6659312459927336,25,1414,0.0660397520837785,358.0018990422008
1050,20220429,9647.0839936,0.9427228040179526,0.9427228040179526,4.2735,4.427527976063261,40,49,0.1241718315879461,351.4693824597541
1051,20220505,9004.62480181,0.7505404236921747,0.7498919152615651,1.3904,1.7757643968871593,54,66,0.1843925637699957,366.7601071073141
1052,20220506,7594.7584075,0.2690409783308303,0.2683973396266895,-1.2882,-1.0201346063076593,33,221,0.1774297361081313,372.5662210739226
1053,20220509,6712.04374945,0.7824034334763948,0.7821888412017167,1.42555,1.6530866309012875,51,70,0.2298283261802575,368.2661835676916
1054,20220510,8465.702944,0.7949817713918078,0.7947673171777826,1.2874,1.7263149903495605,69,41,0.3240403173922367,373.9349723809602
1055,20220511,10777.53276029,0.4494960325970405,0.4490671241689899,-0.1217,0.3684925798841947,44,32,0.3765815998284366,379.5696395393624
1056,20220512,8210.50876346,0.6678816466552315,0.6678816466552315,0.72185,0.8032629288164667,50,56,0.4493996569468267,380.03801439230057
1057,20220513,7568.854478970001,0.5818688384054865,0.5816545220745821,0.31555,0.6572340548649808,55,26,0.5214316330904415,382.9360188382578
1058,20220516,7859.34473668,0.4580921757770632,0.4578778135048231,-0.0437,0.2256973633440514,63,25,0.5676312968917471,384.7985891040544
1059,20220517,7897.25370969,0.4156845939575744,0.415041782729805,-0.2941,-0.1155737733019069,45,36,0.5783158345832441,385.1487507472317
1060,20220518,7700.779640850001,0.6000857265323618,0.5998714102014574,0.46155,0.7465675953707673,45,23,0.6785255036433776,384.359824037226
1061,20220519,8063.680994709999,0.58426243567753,0.5838336192109777,0.3283,0.7575708619210978,44,25,0.7304888507718696,386.6815833690909
1062,20220520,9202.83096742,0.7483401156564575,0.747911758406511,0.9174,1.2452262154636966,54,6,0.8605697151424287,388.781014690201
1063,20220523,8593.2158432,0.7425021422450728,0.7420736932305055,1.13375,1.3412760711225364,67,8,0.9215938303341902,392.984954762419
1064,20220524,9901.21085,0.0599700149925037,0.0599700149925037,-4.5553,-4.150830841721996,26,86,0.5994859713000642,397.8481948053985
1065,20220525,7619.14516832,0.8553391825379841,0.8549111919537771,1.8006,1.9217786646693773,50,18,0.7849347314359084,380.529602609805
1066,20220526,8226.20042904,0.5819619576832656,0.5815345159222056,0.3663,0.4403811711904252,56,27,0.8087198119256251,387.61197897995424
1067,20220527,8154.179712220001,0.3999572466866182,0.3997434801197093,-0.26335,0.0656212483967507,77,33,0.7684908080376229,389.1753754058092
1068,20220530,8106.57990287,0.6336252937406537,0.6336252937406537,0.5764,0.990865178380688,82,26,0.78209784234138,388.7906196001406
1069,20220531,9348.60697158,0.7079155109878387,0.7077021548965223,0.8602,1.2006655643268611,75,13,0.8280349903989759,391.8373095990423
1070,20220601,8848.85220824,0.5868174061433447,0.5868174061433447,0.42725,0.7069707764505121,75,15,0.8299914675767918,395.8749296898981
1071,20220602,8911.40173143,0.6222269624573379,0.6222269624573379,0.6637500000000001,1.062971800341297,94,27,0.8325511945392492,398.119977540549
1072,20220606,11122.03816605,0.7860484900042535,0.7858358145470012,1.40475,1.7728213526159082,104,21,0.8651637601020842,401.55718976240223
1073,20220607,10386.52010441,0.328656462585034,0.3284438775510204,-0.813,-0.5240459183673469,102,13,0.8560799319727891,407.93707287553207
1074,20220608,11009.50346834,0.3576890399320306,0.3574766355140187,-0.50705,-0.1480605564995751,106,18,0.8305012744265081,405.2099198843373
1075,20220609,9766.07771717,0.152963671128107,0.152963671128107,-2.2339,-1.9632031867431483,73,44,0.6473337582324198,403.8826334037644
1076,20220610,10501.785787399998,0.8376485568760611,0.8374363327674024,1.2393,1.7032649617996605,154,18,0.7529711375212224,395.4069479651186
1077,20220613,10906.1777237,0.5078456318914334,0.5078456318914334,0.09595,0.3744069974554707,155,37,0.7285835453774385,401.2245011187901
1078,20220614,10991.31555879,0.4270258803563852,0.4268137462876538,-0.21095,0.0848960755197284,140,40,0.6875265167585914,402.1680948770492
1079,20220615,12983.91854745,0.4346904156064461,0.4342663273960984,-0.1772,-0.1209789652247667,46,22,0.686598812553011,401.9146205437492
1080,20220616,10804.323578800002,0.6260611205432938,0.6254244482173175,0.5681,0.8177586587436333,82,12,0.7311120543293718,401.3154081154369
1081,20220617,10929.504287,0.4941601189212147,0.4941601189212147,0.0,0.5361211934593331,145,20,0.7065194308770439,404.096240281557
1082,20220620,11640.62505637,0.6775631500742942,0.676501804287837,0.8746,1.1510247930375717,158,16,0.7692634260241987,405.1794630746178
1083,20220621,10797.93411731,0.3596435391470401,0.3594313600678973,-0.5427,-0.4017137279864206,76,15,0.7400806280500742,409.2831709047858
1084,20220622,9961.56023578,0.197706519430877,0.1974941601189212,-1.7073,-1.196333552771289,84,38,0.5551072414525376,407.3505076786044
1085,20220623,10755.964438720002,0.8367996604414262,0.8367996604414262,1.44635,1.9765084465195244,213,23,0.6863327674023769,401.43652466943433
1086,20220624,11599.380141539998,0.6346072186836518,0.6343949044585987,0.58725,1.1080103609341825,235,19,0.735244161358811,408.3068266654654
1087,20220627,12283.75116872,0.5653004884264174,0.5650881291144617,0.2571,0.8498986621363347,261,8,0.754937354002973,411.7677585571893
1088,20220628,12208.60712491,0.7471850435521563,0.7469725940089229,1.1209,1.4331324622902062,286,4,0.8274909708944126,414.0468903463577
1089,20220629,13157.34082777,0.1617084572885677,0.1612834679133021,-2.14445,-2.0777365915852104,82,20,0.6823204419889503,419.3343363406323
1090,20220630,11593.33955054,0.5876354365838113,0.5872105374973444,0.3309,0.8816246866369236,193,17,0.7032079881028256,410.4817972791888
1091,20220701,10510.37128987,0.4025891341256367,0.4019524617996604,-0.36905,-0.1322235144312394,142,12,0.6735993208828522,412.97039384226935
1092,20220704,11302.21674692,0.535699107522312,0.5352741181470463,0.23935,0.6610595197620058,232,15,0.6988950276243094,411.93533823888254
1093,20220705,11807.04577743,0.2632696390658174,0.2630573248407643,-1.1816,-0.7833409129511678,172,29,0.59723991507431,413.7898907392659
1094,20220706,10863.50612346,0.2755621552821383,0.2753500212134068,-1.13775,-0.7985003606279167,122,49,0.4838778107764107,409.72452731087
1095,20220707,10527.70785387,0.5414634146341464,0.5408271474019088,0.2162,0.6941329586426299,205,46,0.5051961823966066,405.7578809920511
1096,20220708,10291.05214056,0.5337007206443408,0.5332768122085629,0.1897,0.2223050233149639,136,38,0.533064857990674,407.6047548535314
1097,20220711,10085.014834389998,0.3014627941488234,0.30125079499682,-1.0657,-0.7968586813652746,128,54,0.4273902904388382,408.444430886165
1098,20220712,9765.06323784,0.2109838846480068,0.2107718405428329,-1.8605,-1.566186768447837,77,57,0.3078880407124681,404.6406722831534
1099,20220713,9420.747375739998,0.7094995759117897,0.7088634435962681,0.9418,1.2318754240882102,134,38,0.3808312128922816,397.7077880947108
1100,20220714,10275.281008319998,0.5453389830508475,0.5453389830508475,0.276,0.7265131779661017,166,48,0.4192796610169491,402.03022631946055
1101,20220715,10876.4509685,0.2121083827265029,0.2118966977138018,-2.08365,-1.6497972057578325,150,167,0.2967823878069432,404.0454293185903
1102,20220718,10210.91563099,0.8580194667795176,0.8578078713499788,2.2857,2.48183867964452,256,28,0.4523910283537876,396.50301792314673
1103,20220719,9965.35297365,0.6929100529100529,0.6922751322751323,0.8141,1.031021481481481,212,18,0.548994708994709,405.9547352958686
1104,20220720,9522.23417329,0.6476190476190476,0.646984126984127,0.5013,0.955057925925926,240,6,0.6137566137566137,409.6999143088863
1105,20220721,10179.51194258,0.3339682539682539,0.3333333333333333,-0.5736,-0.2925848042328042,193,21,0.5873015873015873,412.6832628961608
1106,20220722,9411.33816029,0.3936957901417389,0.3930611381425851,-0.3891,-0.2110277554474296,196,46,0.5521472392638037,410.8959630397515
1107,20220725,8619.06139066,0.3075132275132275,0.3068783068783068,-0.8662,-0.7755050793650793,138,55,0.4831746031746032,409.6630126796442
1108,20220726,8339.11010972,0.7339818143370691,0.7339818143370691,0.7803,1.1044582787058577,183,20,0.5857475153309367,406.30028343592335
1109,20220727,8678.12111558,0.580338266384778,0.5801268498942918,0.3929,0.9219601057082452,318,16,0.6340380549682876,410.1291725501553
1110,20220728,10070.22623327,0.6091735362502643,0.6081166772352569,0.4261,0.851514648065948,336,14,0.6837877827097865,412.825484986022
1111,20220729,10143.18411319,0.2892457215296852,0.2892457215296852,-0.9074,-0.491407627297697,282,64,0.618001267694908,415.4626444195873
1112,20220801,9934.94440962,0.5277719112988385,0.5275607180570222,0.1715,0.602487687434002,372,52,0.6194297782470961,412.5568828402304
1113,20220802,11804.703873449998,0.0841949778434268,0.0841949778434268,-4.3339,-3.826268221143702,172,277,0.3270732221987761,414.1534525786529
1114,20220803,11146.07182482,0.3561181434599156,0.3561181434599156,-0.6335,-0.4017822151898734,139,278,0.3141350210970464,397.2556433666066
1115,20220804,8990.2823213,0.786753849398861,0.7865429234338747,1.3566,1.4612302889685722,150,40,0.3982282218941151,395.1992848543003
1116,20220805,9951.32140767,0.7180189673340358,0.7180189673340358,1.0129,1.3480492096944152,220,19,0.4674394099051633,400.76730742950616
1117,20220808,9522.61645323,0.7279427247841651,0.7279427247841651,0.8802,1.4056990524320911,326,16,0.5516950937039377,405.4982637182414
1118,20220809,9526.39667175,0.4524210526315789,0.4513684210526316,-0.08445,0.3945576631578947,318,16,0.5629473684210526,410.13290420222336
1119,20220810,9659.07778939,0.4629473684210526,0.4629473684210526,-0.0674,0.3418484421052631,415,37,0.5608421052631579,410.7688309847549
1120,20220811,10662.2767526,0.7545263157894737,0.7543157894736842,1.2072500000000002,1.3120843578947368,400,5,0.6812631578947368,411.3325053134007
1121,20220812,9992.19962602,0.408584052177572,0.4079528718703976,-0.3123,-0.4092752998106459,196,16,0.6650536503261099,416.51392587917553
1122,20220815,9760.17252503,0.4725320985055777,0.4723216165017891,0.0,0.4697094927383709,287,15,0.6659650599873711,415.0111950744677
1123,20220816,10199.63958323,0.5858734496531427,0.5854530166071054,0.3521,0.8016659659449232,386,13,0.7227244061383225,415.98586856406354
1124,20220817,10741.99308217,0.5149222362337117,0.5140815468684321,0.1095,0.3109139764606978,322,18,0.741067675493905,418.3856202513799
1125,20220818,10538.34286239,0.4092339979013641,0.4088142707240293,-0.4624,0.2789263588667366,461,24,0.6883525708289612,419.2650960628992
1126,20220819,11197.87883954,0.2510486577181208,0.2508389261744966,-1.1702,-1.2489864723154362,184,48,0.5736157718120806,418.8804755940254
1127,20220822,10260.47389582,0.600251677852349,0.600251677852349,0.4384,0.6813605494966443,229,35,0.610738255033557,413.8137256936548
1128,20220823,10019.17531537,0.4925560914237786,0.4921367162927238,0.0,0.4105933319354162,334,54,0.6072551897672468,416.13058711801466
1129,20220824,11255.587126789998,0.0874397148249108,0.0872300272593835,-3.0111,-3.0132525896414344,78,163,0.3587754246173202,416.9848893394398
1130,20220825,9860.77453743,0.4292897548711502,0.4290802430337314,-0.3566,-0.390108443327048,116,118,0.3611984077100356,404.4245693497728
1131,20220826,9288.55847403,0.3551832460732984,0.3549738219895288,-0.5981,-0.5540420942408377,99,138,0.3524607329842932,402.9146331466609
1132,20220829,8455.35607296,0.6252354048964218,0.6250261560996024,0.5917,0.804282757899142,133,97,0.4038501778614773,400.5935586004915
1133,20220830,8382.021256080001,0.4549068842854153,0.4546976354885959,-0.1613,-0.3129881774429797,94,68,0.396735718769617,403.3896671041503
1134,20220831,10019.2549417,0.141483803552769,0.141483803552769,-2.661,-2.6433300731452456,48,174,0.2522466039707419,402.43305235409946
1135,20220901,7944.76471054,0.3631611959021534,0.3623249006899435,-0.4736,-0.391687539201338,73,153,0.2349989546309847,391.759863643952
1136,20220902,7464.224776819999,0.7395572263993316,0.7393483709273183,1.1673,1.3777982038429406,106,60,0.2903091060985798,390.0649390021004
1137,20220905,7693.829551780001,0.5199415326790562,0.5195239089580288,0.1614,0.2808783879724368,131,100,0.324076007517227,395.0287068802822
1138,20220906,8688.2714589,0.7495822890559732,0.7489557226399332,0.88935,1.3192444653299915,169,37,0.3840852130325815,395.90227017869137
1139,20220907,8716.402453659999,0.4726399331662489,0.4724310776942356,0.0,0.3927566833751045,158,59,0.3847117794486215,400.2742079923325
1140,20220908,7879.743218230001,0.2343489148580968,0.233931552587646,-1.1605500000000002,-0.9360163188647744,112,158,0.3418196994991653,401.0602598441908
1141,20220909,7793.310144839999,0.4886387325411715,0.4886387325411715,0.0,-0.0284018344798832,119,47,0.3537627683969147,396.8560126810684
1142,20220913,7710.6471114,0.5265791119449656,0.5259537210756723,0.141,0.3162521784448613,131,44,0.3752345215759849,396.7996554871458
1143,20220914,7223.774545169999,0.2390579408086702,0.2390579408086702,-0.9631,-0.7302048770320967,104,90,0.3272196748645269,397.70684302153416
1144,20220915,9187.59953547,0.1399082568807339,0.1396997497914929,-2.3414,-2.3592765012510424,61,247,0.238115095913261,394.3396483369472
1145,20220916,7988.74525326,0.1190327287888263,0.1190327287888263,-2.6171,-2.385003960808839,51,434,0.1480091723994163,385.07133274470175
1146,20220919,6651.311359120001,0.2290712203248646,0.2290712203248646,-1.4493,-1.2998390670553934,45,582,0.1253644314868804,375.4404985511207
1147,20220920,6507.27558323,0.7801831806827644,0.779766860949209,1.2048,1.4781693380516236,57,137,0.1602830974188176,370.2798078415125
1148,20220921,6357.77368556,0.5983367983367983,0.5983367983367983,0.38995,0.3124669646569646,86,135,0.183991683991684,375.2470546962047
1149,20220922,6382.551664830001,0.3231441048034934,0.3229361613641089,-0.6475,-0.3436016427531711,64,358,0.1859014348097317,376.5649541819855
1150,20220923,6671.273688010001,0.1193099147786323,0.1191020577842444,-2.1792,-2.041068218665558,39,922,0.1357306173352733,374.6988834585203
1151,20220926,6672.15137047,0.1898234683281412,0.1894080996884735,-2.2769,-1.7919604361370711,30,1457,0.1048805815160955,366.79223451137295
1152,20220927,6658.669416999999,0.8957857587710193,0.894955366410629,2.2284,2.426495681959726,76,52,0.1567365580236661,359.3301024549448
1153,20220928,6469.72715837,0.0867219917012448,0.0863070539419087,-2.708,-2.62775755186722,46,950,0.1097510373443983,367.6933231665232
1154,20220929,6243.37979248,0.3358224434764572,0.3349927400954159,-0.6803,-0.5145153495125493,43,1209,0.1126322339763534,357.8837110372385
1155,20220930,5606.206173240002,0.2598506843633347,0.2598506843633347,-1.05005,-1.231969805060141,33,1348,0.092907507258399,355.7456862807995
1156,20221010,6276.9523639,0.1711917098445596,0.1711917098445596,-1.8226,-1.7870787357512956,45,1961,0.0816580310880829,351.68659277251203
1157,20221011,5636.2309738700005,0.6087857438872772,0.6087857438872772,0.5176499999999999,0.5583243680066308,53,808,0.0936593452134272,345.33921469461325
1158,20221012,7099.21013191,0.9233637116818558,0.9233637116818558,2.5154,2.815085977630489,86,56,0.158036454018227,347.1970954110079
1159,20221013,7281.26102415,0.6512735556015739,0.6512735556015739,0.7246,1.0798890867674469,108,94,0.2424932698281217,356.45074165382
1160,20221014,8605.23452575,0.9126474849927552,0.9126474849927552,1.7575,2.3080946180914923,138,9,0.437176567998344,359.6667990202424
1161,20221017,8071.082898700001,0.8011599005799502,0.8011599005799502,1.27205,1.633015927920464,183,14,0.6128831814415907,366.9780960322569
1162,20221018,7935.906832109999,0.4364389233954451,0.4360248447204969,-0.1348,0.3791704140786749,182,29,0.6567287784679089,372.3085738476391
1163,20221019,7581.983703989999,0.2123655913978494,0.2121588089330024,-0.9988,-0.7871226426799007,103,79,0.6110421836228288,372.76347984942
1164,20221020,7960.03086488,0.3653846153846153,0.3653846153846153,-0.36295,-0.2576869727047146,82,132,0.6118693134822167,369.43484615428383
1165,20221021,7121.480012850001,0.4457308248914616,0.4453173454620632,-0.0636,0.1035505685342154,141,184,0.6191854455240852,368.2884215316397
1166,20221024,8806.20649517,0.2067397146991937,0.2063262352697953,-1.6168,-1.3158684721935083,111,485,0.5025842464337399,368.3619881907635
1167,20221025,8025.99162561,0.3830095080611823,0.3823894171145101,-0.5324,-0.3318301364200083,73,484,0.4673418768085986,362.9605702451556
1168,20221026,9139.31494059,0.8190082644628099,0.8185950413223141,1.8154,2.114920950413223,165,131,0.6402892561983471,361.39216292946537
1169,20221027,9236.65094811,0.4552778351580252,0.4552778351580252,-0.1119,-0.2772927907457137,113,188,0.6447015079529023,368.4940988758495
1170,20221028,9093.35808984,0.078860445912469,0.078860445912469,-3.83585,-3.5283601156069366,44,1048,0.3610652353426919,367.77702264227537
1171,20221031,8826.80494717,0.6648090815273477,0.6646026831785345,1.1369,1.1568140557275544,137,623,0.4421052631578947,354.23508629012514
1172,20221101,9772.33180983,0.8968646864686468,0.8966584158415841,2.2845,2.561550680693069,139,36,0.6293316831683168,358.2976562724027
1173,20221102,10518.52706635,0.7361254384155147,0.7359191252321023,0.8845,1.3625657520115535,155,15,0.7070352795543635,366.9792992777507
1174,20221103,8863.616514500001,0.5206270627062707,0.5204207920792079,0.1339,0.4567564356435644,143,38,0.719059405940594,371.1024323532719
1175,20221104,10803.49186397,0.8424742268041238,0.8418556701030928,1.3423,1.7164251958762884,164,2,0.8204123711340207,372.1984025530341
1176,20221107,10059.57068178,0.6212651967854935,0.6212651967854935,0.4963,0.7146882752936328,154,5,0.8567896146713373,377.8906657118035
1177,20221108,8355.84075433,0.3967436108821104,0.3965375103050289,-0.2565,-0.0403100577081615,140,6,0.8336768342951361,380.1787715394029
1178,20221109,7784.98550385,0.410673810014424,0.4098495775808778,-0.1834,0.0946608695652174,178,15,0.8188749227282094,379.6145671238028
1179,20221110,8426.48181931,0.3600988264360716,0.3600988264360716,-0.5529,-0.4386945233683344,168,25,0.7486102532427424,379.446133790868
1180,20221111,12228.22693762,0.5636962337929615,0.5626672154764355,0.284,0.437521609384647,106,17,0.7826713315497016,377.56485024996647
1181,20221114,10670.17632073,0.4044874433923425,0.4042815973651708,-0.36035,-0.0978838822560724,185,24,0.7297241663235899,378.9269562419636
1182,20221115,10583.41807013,0.8587896253602305,0.8587896253602305,1.4892500000000002,1.9934675998353228,189,4,0.8602305475504323,378.0587703907124
1183,20221116,9424.57715462,0.4005348693684427,0.4005348693684427,-0.339,-0.1703119934169923,145,17,0.8376877185764247,384.6421300577716
1184,20221117,9127.440505109998,0.5619341563786008,0.5617283950617284,0.2901,0.4989900823045268,235,20,0.8251028806584362,383.66261580771214
1185,20221118,9784.49413835,0.2624434389140271,0.2622377622377622,-1.0441,-0.7056284245166599,207,40,0.7620320855614974,385.1763376331365
1186,20221121,8491.12212701,0.5020559210526315,0.501233552631579,0.0347,0.3291972450657894,207,22,0.7703536184210527,381.8065677010969
1187,20221122,8843.97711882,0.236442070665571,0.236442070665571,-1.2913,-1.1864110928512734,95,54,0.652013147082991,382.5012594917692
1188,20221123,8302.51452365,0.3349763811871021,0.3339494762784966,-0.7491,-0.6608495789689874,58,52,0.5352228383651674,377.7626214234075
1189,20221124,7478.766629379999,0.5329501129131595,0.5323342229521659,0.1653,0.3658189078218025,77,22,0.5582016013138986,375.0994901782767
1190,20221125,7397.30582566,0.3066502463054187,0.3066502463054187,-1.0028,-0.837817816091954,76,89,0.4431444991789819,376.0956023360167
1191,20221128,7581.938672359999,0.3020726451877693,0.3018674327929407,-0.7463,-0.4216193515288323,74,115,0.3691770982967371,372.63436100494914
1192,20221129,9678.09283945,0.8383589743589743,0.8381538461538461,1.6827,1.868585066666667,168,28,0.5193846153846153,370.4583265986378
1193,20221130,9311.35794853,0.3820754716981132,0.381870385561936,-0.32505,-0.0661237694831829,158,39,0.4942575881870386,377.0363422139981
1194,20221201,10580.85621036,0.6454787779372565,0.6454787779372565,0.566,0.8614195612056591,140,8,0.5462374410498257,376.2989085779181
1195,20221202,8642.851720580002,0.6071355341398401,0.6071355341398401,0.4255,0.677066024195202,177,14,0.6161574738568792,378.9845906927404
1196,20221205,10548.19886658,0.6802051282051282,0.6795897435897436,0.7168,0.789726564102564,316,26,0.6748717948717948,381.0738683596971
1197,20221206,9979.4218698,0.3368205128205128,0.3357948717948718,-0.6301,-0.4035651897435897,189,26,0.6289230769230769,383.9443578875431
1198,20221207,9483.94705039,0.4071794871794871,0.4065641025641026,-0.2741,0.093369641025641,218,32,0.611897435897436,381.960008299809
1199,20221208,8696.35773935,0.3372283722837228,0.3364083640836408,-0.5577000000000001,-0.3241459204592046,207,49,0.5416154161541615,381.6148494527396
1200,20221209,10088.81617226,0.3854038540385404,0.3854038540385404,-0.41315,-0.1372586920869208,167,59,0.5166051660516605,379.9322219618568
1201,20221212,9095.84866067,0.405693221380299,0.4050788449723531,-0.5464,-0.2100098709809543,153,74,0.442555805857055,378.8866319749984
1202,20221213,8162.40690379,0.4024165472045873,0.4024165472045873,-0.4329,-0.3617725168953512,195,131,0.4282203563383166,377.45366403295526
1203,20221214,8106.83794351,0.3842687423187218,0.3834494059811553,-0.3550999999999999,-0.2807209135600164,163,141,0.3951249487914789,375.9539037669131
1204,20221215,7661.19524724,0.55999180999181,0.5593775593775594,0.30385,0.370781981981982,66,66,0.415028665028665,374.7587069941654
1205,20221216,7611.68855676,0.266011868221813,0.266011868221813,-1.3423,-1.125931123388582,88,231,0.3460200532023736,376.02282804048775
1206,20221219,7566.325425579999,0.1097685848863403,0.1093590006143764,-2.3918,-2.2547052836371084,35,387,0.2035633831660864,371.3822718041171
1207,20221220,6396.74755928,0.4398935080892894,0.4392791316813434,-0.1475,-0.4215779234077411,21,198,0.1564611918902314,362.7541233631822
1208,20221221,5745.80051436,0.2623488419758147,0.2621438819430211,-0.9317,-0.7600089977454396,30,475,0.1539249846279975,361.7219465470266
1209,20221222,6573.07686016,0.1700429711479435,0.1698383466339267,-1.632,-1.4436877429916104,39,786,0.1215469613259668,358.66230518874863
1210,20221223,5851.023103150001,0.4147239263803681,0.4145194274028629,-0.2183,-0.2742158895705521,36,681,0.1098159509202454,353.1466389090379
1211,20221226,6241.4675347,0.7466257668711657,0.7460122699386503,1.35015,1.6641525153374233,38,80,0.1421267893660531,352.2769872539822
1212,20221227,6685.00107053,0.5991009399264405,0.5988966080915407,0.37415,0.5532860237024928,51,71,0.1935022476501839,357.58633429785806
1213,20221228,6506.68021214,0.1883939517776869,0.188189619942787,-1.40545,-1.1339282999591338,65,313,0.1610134859011034,359.2445265379159
1214,20221229,6146.203180629999,0.3144782519910149,0.3142740453338778,-0.627,-0.3690082907902797,48,452,0.1619358791096589,354.68323776256847
1215,20221230,6038.881993020001,0.6590445079624336,0.6590445079624336,0.54095,0.6710398734177215,90,188,0.2109024091465904,352.9169005354892
1216,20230103,7886.58106369,0.8487446417636252,0.8487446417636252,2.1015,2.331558991630945,110,27,0.359052867932231,355.05555908352403
1217,20230104,7835.499916180001,0.5747806570087737,0.5741685370332585,0.2781,0.4330139563354417,127,60,0.4468475821260967,362.9254702771429
1218,20230105,8425.51034076,0.5980412160783514,0.5980412160783514,0.3215,0.6206397061824117,119,26,0.5317282187308713,364.2158771122613
1219,20230106,8378.7993198,0.3689043052438278,0.3684962252601509,-0.3704,-0.1822639053254438,82,23,0.5425423382983064,365.93158830950887
1220,20230109,8069.69441651,0.5910575745202123,0.5910575745202123,0.29375,0.6000201102490813,126,28,0.6220906492445897,364.9204024061235
1221,20230110,7470.014089460001,0.3535291717666258,0.3529171766625867,-0.455,-0.1159146062831497,114,46,0.6009791921664627,366.5511771475768
1222,20230111,7415.3060985699985,0.2005303957568339,0.2005303957568339,-1.07655,-0.8755711750305998,89,61,0.518359853121175,365.50483004265766
1223,20230112,6812.367625090001,0.4523372116758522,0.4521330883853848,0.0,0.0339736068585425,85,59,0.5452133088385385,361.9372814511465
1224,20230113,7021.66675621,0.5804081632653061,0.5793877551020408,0.29695,0.4106948775510204,163,48,0.6061224489795919,361.99876302568384
1225,20230116,9168.82217065,0.7710671291573148,0.7704550091817997,0.9901,1.1345304835747807,172,19,0.753315649867374,363.2795958773585
1226,20230117,7069.95901005,0.3859971422739334,0.3851806491120637,-0.304,-0.1033675443968156,130,33,0.7250459277403551,367.1387703946673
1227,20230118,6355.307050140001,0.6034693877551021,0.6030612244897959,0.3196,0.4428971224489795,120,21,0.7661224489795918,366.3909682979246
1228,20230119,6867.27075852,0.6755102040816326,0.6751020408163265,0.5039,0.6884106530612245,212,24,0.7979591836734694,367.78782859301697
1229,20230120,7488.5874036,0.7467863701285452,0.7449500102019996,0.717,0.8026037543358499,193,11,0.8643134054274638,369.9804153235055
1230,20230130,10617.68831408,0.7514285714285714,0.7514285714285714,1.10315,1.3473009795918365,265,9,0.8989795918367347,372.7915334642872
1231,20230131,8998.89309789,0.5744029393753828,0.5739946927944478,0.289,0.3027600938967136,234,10,0.8948765054092672,377.35907035609273
1232,20230201,10043.66501666,0.8726790450928382,0.8726790450928382,1.2835,1.7023413589063454,475,6,0.9261375229544992,378.4756005506262
1233,20230202,10240.46659675,0.469712420966755,0.4691005506832551,0.0,0.3139794207627983,361,5,0.9335100958596776,384.1259410579311
1234,20230203,9144.64116408,0.3726530612244898,0.3722448979591837,-0.36595,0.0069203469387755,352,6,0.9057142857142856,384.72897926029776
1235,20230206,8745.12463409,0.3719649051214038,0.3711487451540502,-0.3509,-0.1829279942868802,345,6,0.866965925321363,384.03833370056566
1236,20230207,8455.19815149,0.6677544360595554,0.6677544360595554,0.5112,0.7048522129308588,400,3,0.8704874566591883,383.0132816335224
1237,20230208,8046.57352317,0.2757495410972874,0.2753416275749541,-0.6821,-0.4635292473995513,222,7,0.8313277585151948,385.3421023770841
1238,20230209,9008.20468935,0.8342845495311862,0.8340807174887892,0.94885,1.4072371789645333,458,7,0.8819812474520995,383.134806463396
1239,20230210,8927.11554834,0.4363154676992052,0.4359078866924801,-0.1243,-0.0825784185856939,362,12,0.8616262482168331,387.6483014900133
1240,20230213,9789.48168983,0.6839853300733496,0.6829665851670742,0.567,1.0288557457212713,581,7,0.9040342298288508,387.24732115211486
1241,20230214,9138.44512766,0.4504889975550122,0.4496740016299918,-0.05325,0.0931396495517522,450,13,0.895680521597392,390.33727546449376
1242,20230215,9371.535758970002,0.4302301894479527,0.4300264819718883,-0.2031,0.24013540435934,569,11,0.8519046649012019,390.4151275501201
1243,20230216,11927.61499904,0.0987176877671483,0.0981070628943619,-2.4447,-2.230309220435579,130,32,0.6122532057805822,390.4874234607042
1244,20230217,9139.37783703,0.3736263736263736,0.3736263736263736,-0.35265,-0.5157056369556369,103,42,0.5311355311355311,381.3597619349896
1245,20230220,9495.91189932,0.7882855399633923,0.7880821639210901,1.0101,1.2508214154972543,298,35,0.6601586333129957,379.703982440068
1246,20230221,9212.12264147,0.588163514338011,0.5873500101688021,0.2801,0.4039270490136262,319,25,0.6741915802318487,383.9963867673097
1247,20230222,7831.851340290001,0.4491663277755185,0.4491663277755185,-0.05455,0.1880139487596584,322,18,0.642740951606344,385.3097063436714
1248,20230223,8070.8784866,0.370551149074639,0.3699410209477323,-0.3012,-0.1956959731543624,239,19,0.5812487288997356,385.56683111819166
1249,20230224,7256.48888037,0.3496745321399512,0.3494711147274206,-0.3460999999999999,-0.2475076281529699,213,24,0.5138323840520749,384.60889808936906
1250,20230227,7534.68263789,0.209926769731489,0.2097233523189585,-1.09255,-0.8629797599674531,164,54,0.3677786818551668,383.4673642105623
1251,20230228,7565.00442368,0.7596095179987797,0.7592027659141753,0.8403,0.9428673988204188,233,16,0.4769168191986984,379.71795499711214
1252,20230301,9187.22741828,0.6863183573897134,0.6863183573897134,0.5206,0.9106371620248016,378,25,0.594023175442163,383.10345838760014
1253,20230302,9333.32501243,0.3352977037187563,0.3352977037187563,-0.5,-0.3799458036984353,373,57,0.5468400731558626,385.84501792032296
1254,20230303,8693.5483589,0.4408776919951239,0.4398618447785453,-0.10215,0.0109318366517675,324,38,0.52661519707436,384.1474043983383
1255,20230306,9507.30406077,0.4598821856591509,0.45906967296364,-0.0529,0.1634601056266504,306,22,0.5086329473898029,383.9721982949172
1256,20230307,9324.22088996,0.0875304630381803,0.0871242891957757,-2.1687,-2.0053646222583263,104,92,0.2847278635255889,384.1844583289232
1257,20230308,7183.29386039,0.7097887896019497,0.7093826157595451,0.6560999999999999,0.9141877132412674,166,58,0.3434199837530463,376.1664045492619
1258,20230309,7565.189890979999,0.4653807106598985,0.4653807106598985,0.0,0.2795063959390862,250,72,0.3851776649746193,379.1198519652512
1259,20230310,8093.282342590001,0.146163215590743,0.1457572066585465,-1.4925,-1.2984533495736903,127,151,0.2807551766138855,379.64968408251
1260,20230313,8391.24932651,0.4649087221095335,0.4643002028397566,-0.0289,0.2397705273833671,233,167,0.3040567951318458,374.3517612952367
1261,20230314,9322.10649929,0.1914418981950922,0.1908335023321841,-1.4918,-1.1573474751571688,164,252,0.245589129993916,374.7464600618928
1262,20230315,8182.109047129999,0.7035685320356854,0.7029602595296026,0.89015,0.8429103811841039,213,112,0.3110300081103,369.78266686940754
1263,20230316,8448.55104984,0.1368613138686131,0.1368613138686131,-1.7275,-1.5479096309813465,119,330,0.2240470397404704,372.9869453174073
1264,20230317,9728.91295976,0.6330089213300892,0.6328061638280617,0.4651,0.7490623884833738,262,240,0.2818329278183293,366.8785201527926
1265,20230320,10572.89948358,0.3757096512570965,0.3755068937550689,-0.5476,-0.3528929643146796,203,278,0.2631792376317923,369.1057706543524
1266,20230321,8928.81485898,0.8168186423505572,0.8158054711246201,1.4016,1.525039878419453,265,38,0.3517730496453901,367.4438849065414
1267,20230322,9576.65165502,0.6126874746655857,0.6122821240372922,0.3672999999999999,0.5903832387515201,398,50,0.4201459262261856,372.82076453978567
1268,20230323,10204.98366742,0.4053889789303079,0.4051863857374392,-0.2373,0.0753967382495948,336,120,0.4290923824959481,374.6059855260771
1269,20230324,10745.65759115,0.4555398014988859,0.4553372493417055,-0.0693,0.0787919586793599,359,124,0.4405509418675309,374.3027358714376
1270,20230327,11397.90666365,0.3921846527637173,0.3915772423567524,-0.4269,-0.006732476209759,340,147,0.4318687993520955,374.3205002019499
1271,20230328,10040.36744761,0.2761133603238866,0.2761133603238866,-0.8929,-0.8221080364372471,146,233,0.3906882591093117,373.5089125749567
1272,20230329,9808.86683817,0.3081124822981995,0.3075055634230224,-0.7022,-0.4021509407242565,145,342,0.3629374873558568,370.30605864122174
1273,20230330,9442.45142813,0.3848644273573452,0.3846620801295022,-0.4181,-0.3386981384055038,101,308,0.3401456900040469,368.2613194201401
1274,20230331,9530.27873419,0.6952650748684743,0.6950627276406314,0.6481,0.9380447187373532,203,107,0.4200728450020234,366.86782201522055
1275,20230403,12527.71626676,0.6647784746105604,0.664373862027109,0.6567,1.0123428282419582,377,120,0.4952458021444467,369.7773493070411
1276,20230404,13244.06825677,0.2704122877930477,0.2704122877930477,-1.1762,-0.8009860145513339,323,429,0.4215844785772029,372.8632204715773
1277,20230406,11931.032349510002,0.4020618556701031,0.4008489993935719,-0.4161,-0.0327380432585405,351,394,0.4048918536486759,369.1771207472924
1278,20230407,10537.79473087,0.6783259199353012,0.6783259199353012,0.6142,1.0139499191265668,289,91,0.4900930044480388,368.3486170648322
1279,20230410,12253.92249994,0.2508071025020177,0.2506053268765133,-1.28695,-1.0169812953995157,163,375,0.4120258272800646,371.3472509202547
1280,20230411,10830.44546573,0.4633851119628808,0.4629816421222513,-0.0491,0.1357440992535808,207,353,0.4145652612467218,367.0694581559759
1281,20230412,11319.54254829,0.6255044390637611,0.6251008878127522,0.5155,0.8474864810330912,360,252,0.4699354317998386,367.228480168803
1282,20230413,11365.927452410002,0.3689731692555981,0.3679644946540246,-0.5181,-0.4553506556384911,238,368,0.4369578374016542,369.731117438405
1283,20230414,11148.20259796,0.5358224016145308,0.5354187689202825,0.1691,0.436714450050454,281,182,0.4633703329969728,367.9315424450032
1284,20230417,11205.75527744,0.5410530562840428,0.5404478515230986,0.2008,0.0523932822271535,274,153,0.4742787976598749,369.0460336702158
1285,20230418,10598.08960106,0.2907515615555108,0.2907515615555108,-0.716,-0.5469550674994962,172,313,0.4199073141245215,369.5132335530053
1286,20230419,10824.44623743,0.3107617896009673,0.3105602579604998,-0.6861999999999999,-0.3737003224506247,204,516,0.3788794840790004,367.17984049888577
1287,20230420,11385.049313930002,0.316012084592145,0.3158106747230614,-0.8704,-0.477189667673716,250,881,0.3474320241691843,365.2339703421751
1288,20230421,12176.54641206,0.1120064464141821,0.1118049959709911,-2.39665,-2.697377377115229,94,1303,0.2310636583400483,362.77304271859225
1289,20230424,10831.42913655,0.395447219983884,0.395245769540693,-0.4447,-0.5061821112006447,151,976,0.2147461724415793,353.5331636621528
1290,20230425,11337.37381006,0.1668009669621273,0.1665995165189363,-2.2018,-2.147758904109589,138,1763,0.1746575342465753,351.8523218569402
1291,20230426,11220.331506079998,0.6809927360774818,0.6809927360774818,1.0416,0.8709078288942694,145,270,0.2058111380145278,344.20030985961773
1292,20230427,10447.22991431,0.5153473344103393,0.5153473344103393,0.12075,0.0585688206785137,141,389,0.2330371567043618,347.4917387961895
1293,20230428,11165.4317029,0.7831544847135048,0.7831544847135048,1.8,1.9053349260984005,239,172,0.33265843288115,347.8032978401717
1294,20230504,11713.54542301,0.5904548235774016,0.5904548235774016,0.52,0.4997498062410768,401,312,0.4187232306750968,354.2469363746687
1295,20230505,10709.70831268,0.280598826623508,0.2801942140400566,-0.9883,-0.8295626744891766,261,501,0.3876188549463888,356.0531525983165
1296,20230508,11366.656570900002,0.5716019417475728,0.5716019417475728,0.3232,0.5136930622977345,333,293,0.4251618122977346,352.8168739171031
1297,20230509,12215.92092504,0.1647439789516292,0.1645415907710989,-1.5915,-1.5447265938069217,154,691,0.3618700667880996,354.2932238873171
1298,20230510,10198.30925429,0.5885090026299818,0.5883066963382562,0.3439,0.454370220513858,106,228,0.3874165486546632,348.73750473351214
1299,20230511,8956.875676560001,0.6198948645369996,0.6198948645369996,0.4515,0.5567901334411646,164,174,0.4365143550343712,350.1294385575375
1300,20230512,8479.14671798,0.2269603880355699,0.2263540824575586,-1.01945,-0.9540150970088924,92,438,0.3916734033953112,351.8945988491618
1301,20230515,9381.12089225,0.6895715440582053,0.6895715440582053,0.7519,0.864394219886823,100,102,0.4464430072756669,348.422340305888
1302,20230516,8661.46133755,0.2860892388451443,0.2858873410054512,-0.7813,-0.696273672521704,85,279,0.413284877851807,351.23810537946724
1303,20230517,7812.72271697,0.7017756255044391,0.7013720742534302,0.7692,1.0023550242130752,129,158,0.4961662631154157,348.64320449299174
1304,20230518,8797.90756271,0.4935457845905607,0.4933440903590157,0.0,0.4862854175070593,122,244,0.5391286809197257,351.7314075958783
1305,20230519,8478.19138799,0.4859907276758718,0.4855875831485587,0.0,0.1943843176778875,96,177,0.5714573674662367,352.5866168678438
1306,20230522,7953.17380769,0.5699314792422411,0.5699314792422411,0.2874,0.4382485086658605,136,120,0.6251511487303507,352.9293034125549
1307,20230523,7656.664714809999,0.2292506043513295,0.2286462530217566,-0.96515,-0.8551918412570508,82,202,0.5739323126510878,354.2098165259839
1308,20230524,8025.34955066,0.3952879581151832,0.3950865888038662,-0.28755,-0.034007188884414,91,302,0.5527587595650423,350.98590177795273
1309,20230525,8567.111377939998,0.4091824405960532,0.4087797019734192,-0.23305,-0.0248385622231171,100,393,0.5332259363672976,350.4215915783838
1310,20230526,8203.057426329999,0.5689828801611279,0.5687814702920443,0.2942,0.4497154884189325,134,300,0.5575025176233636,349.9697429762634
1311,20230529,9206.34891173,0.3271517839145333,0.3267486393872203,-0.6873,-0.4135445474702681,135,516,0.5003023583954848,351.2714825376535
1312,20230530,9330.36122652,0.5629659480153133,0.5623614749143663,0.2516,0.422398065686077,122,379,0.5093693330646786,349.3380060564867
1313,20230531,9382.91784954,0.3655589123867069,0.3651560926485397,-0.4612,-0.1948749848942598,114,527,0.4745216515609264,350.5152717582501
1314,20230601,9864.16348634,0.5171163914619412,0.5157068062827225,0.1041499999999999,0.3308604712041885,146,292,0.5038260169150222,349.3654502501301
1315,20230602,9404.83547378,0.658816425120773,0.6586151368760065,0.6692,0.8253709138486311,140,48,0.5887681159420289,350.125338395809
1316,20230605,8736.554987739999,0.5251610305958132,0.5249597423510467,0.14795,0.3885923711755233,152,158,0.6203703703703703,352.7417741306479
1317,20230606,9373.35099683,0.1126987321392634,0.1122962366673375,-2.2039,-1.9619096196417791,62,498,0.3789494868182733,353.68807867017154
1318,20230607,8143.79442483,0.5429663916280942,0.5425638961561683,0.22,0.4765443751257797,104,494,0.4139665928758301,346.32109266778747
1319,20230608,8593.94814178,0.3480885311871227,0.3480885311871227,-0.5821000000000001,-0.5256704024144869,59,556,0.3875251509054326,347.52723271321327
1320,20230609,9895.14179653,0.5392038600723763,0.5390028146361078,0.1914,0.5730174306393245,98,370,0.4067149175713711,345.60233080104973
1321,20230612,9652.88130511,0.5858118971061094,0.5854099678456591,0.4895,0.6891297226688103,124,200,0.4793006430868167,346.92325302971926
1322,20230613,9421.7613503,0.5194935691318328,0.5192926045016077,0.1106999999999999,0.4181629220257234,139,236,0.5084405144694534,348.96772331724816
1323,20230614,10004.61848481,0.4254121431443506,0.4248090068355448,-0.1888,0.1039781664656212,155,293,0.5052271813429835,349.8905037664793
1324,20230615,10722.57063838,0.5304400241109102,0.5300381756077959,0.1776,0.3744124171187462,134,107,0.5481213582479405,349.7421119961506
1325,20230616,10674.85129081,0.5981909547738693,0.5977889447236181,0.3348,0.7170700100502513,152,58,0.617286432160804,350.7074219392066
1326,20230619,11065.450299759998,0.3900823127885967,0.3896807869905641,-0.495,0.0459847219433848,209,246,0.5601284882553704,352.55191503640606
1327,20230620,10898.65659375,0.2954043748745735,0.2952036925546859,-0.7641,-0.4336328115593016,196,475,0.5083283162753361,351.7604090556088
1328,20230621,10218.06634507,0.1638259474634048,0.1638259474634048,-1.397,-1.4956211750551431,102,750,0.38740725887307,349.6538341369416
1329,20230626,9770.33835969,0.178263485061159,0.1776619209945859,-1.6234,-1.7291896330459195,73,1031,0.2799278123120112,344.59675371412294
1330,20230627,8408.66287952,0.8444578071757868,0.8442573662056524,1.7483,1.913384826618561,114,86,0.4099017839246342,338.8202961937067
1331,20230628,8881.10676165,0.421021021021021,0.4204204204204204,-0.2088,-0.2626405005005005,119,214,0.4206206206206206,345.02356188132126
1332,20230629,8648.992362769999,0.638310648518815,0.6375100080064051,0.65135,0.947945676541233,198,150,0.5054043234587671,344.2102714778323
1333,20230630,9184.645599999998,0.7648,0.7646,0.99475,1.2069489,192,42,0.6246,346.9627414728102
1334,20230703,10244.22034677,0.6138,0.6136,0.431,0.42817612,136,29,0.7018,350.78227890401854
1335,20230704,9291.29888778,0.5774845030993802,0.5774845030993802,0.2647,0.6748108978204359,208,37,0.7276544691061788,352.28919769078607
1336,20230705,8676.73865657,0.2580967612954818,0.2578968412634946,-0.6882999999999999,-0.5989340863654539,148,75,0.689124350259896,353.9440953928606
1337,20230706,8197.0954253,0.3964,0.396,-0.1987,-0.07534998,135,103,0.6534,351.66605087157325
1338,20230707,7997.01582138,0.3457925244853088,0.3455926444133519,-0.4367,-0.5039560463721766,102,169,0.6196282230661603,351.1841805005331
1339,20230710,7612.471757579999,0.4903058165100939,0.4899060563661803,0.0,0.1163742954227463,117,98,0.6308215070957426,349.5324628866427
1340,20230711,7734.76825551,0.7013194722111156,0.7009196321471411,0.5993999999999999,0.8417135345861656,156,48,0.6953218712514994,349.7358458571218
1341,20230712,9117.78210565,0.1748601119104716,0.1746602717825739,-1.1939,-1.1136940647482014,110,204,0.5719424460431655,352.25589116209494
1342,20230713,9206.64367306,0.7545472716370177,0.7539476314211473,0.8097,1.013053008195083,144,41,0.6630021986807916,348.1915731435037
1343,20230714,9224.49472783,0.4052757793764988,0.4048760991207034,-0.2229,0.0214209432454036,131,86,0.6306954436450839,351.3649093303812
1344,20230717,8024.11736424,0.4030357499500699,0.4028360295586179,-0.2797,-0.2328497503495107,154,156,0.5863790693029758,351.0109459778384
1345,20230718,7769.869926849999,0.4975034951068504,0.4969043339324945,0.0,0.017719532654284,143,138,0.5987617335729978,350.11139311418395
1346,20230719,7023.10958572,0.4238674915186589,0.4236679305527839,-0.1655,-0.1236003592097385,125,166,0.5727399720614648,350.14241216549857
1347,20230720,7854.957442690001,0.1932974266906044,0.1930979453421105,-1.0588,-1.0578115499700778,55,239,0.4709754637941352,349.6362806798405
1348,20230721,7107.855952000001,0.4151206862158388,0.4149212048673449,-0.2108,-0.3161170955515659,64,190,0.4506283662477558,345.9360597299629
1349,20230724,6587.775045570001,0.4766653370562425,0.4764658954926206,0.0,-0.0336662345432788,65,197,0.4232149980055844,345.0246616107656
1350,20230725,9478.93553498,0.8463225034881403,0.8459238588798087,1.3867,1.6571143512059,160,18,0.5738489136934423,344.96658320486057
1351,20230726,7919.760000040001,0.4081673306772908,0.4079681274900398,-0.3462499999999999,-0.3739602589641435,164,73,0.5165338645418327,350.21665438808765
1352,20230727,7798.26455145,0.250796812749004,0.250597609561753,-0.729,-0.6545175298804781,93,161,0.4575697211155378,348.95550625133563
1353,20230728,9481.06643035,0.6993229788928713,0.6991238550378336,0.6488499999999999,0.7405774591796097,197,75,0.513142174432497,346.5415759511004
1354,20230731,11049.07983689,0.6987256073277579,0.6981282357626444,0.69505,0.8275656113102349,302,67,0.5712863401035444,348.9490478579696
1355,20230801,9565.04368092,0.3732828986661358,0.3730838144535138,-0.3439,-0.2388043798526777,197,102,0.5564403742783197,351.60562419707145
1356,20230802,8358.367620629999,0.4009556042205853,0.4005574357953414,-0.2219,-0.1242152100338443,169,126,0.5377264582918575,350.5812135110691
1357,20230803,8327.3311409,0.3995224830879427,0.3987266215678472,-0.22475,-0.0661546159968165,193,83,0.5147234381217668,349.9745060593276
1358,20230804,10489.95857558,0.4364432066839069,0.4362442808832305,-0.1704,0.0938146011537696,133,73,0.5102446787348319,349.4654600628583
1359,20230807,8899.27757031,0.286793953858393,0.286793953858393,-0.6894,-0.5732125298329356,99,207,0.4468973747016706,349.33164030464883
1360,20230808,7987.6883696,0.3887452773911314,0.3881487373235235,-0.2803,-0.1573894014714655,69,188,0.4314973155696958,347.12628777407014
1361,20230809,7364.16118175,0.2283386327503974,0.227543720190779,-0.86885,-0.3074761724960254,48,202,0.3461844197138314,346.3666202884159
1362,20230810,6940.058402939999,0.5880015891934843,0.5872069924513309,0.26155,0.3774927294398093,85,91,0.3806118394914581,344.32941968479463
1363,20230811,7633.53849082,0.1062562065541211,0.1062562065541211,-1.7498,-1.5772015094339622,34,349,0.2206554121151936,345.4296257457036
1364,20230814,7417.46318689,0.5758839888756456,0.5758839888756456,0.30555,0.3867062971791815,37,283,0.235399284862932,339.6834013144078
1365,20230815,7063.7167775,0.2831612390786338,0.2829626687847498,-0.71745,-0.5134429110405083,60,509,0.2130659253375695,340.85914118244347
1366,20230816,7040.45386903,0.2084160381103612,0.2082175466454942,-0.98745,-0.927256649464073,48,731,0.1826121476776498,338.76133567971937
1367,20230817,7396.003381779999,0.7725739233974995,0.7721770192498512,1.0949,1.3239473903552292,67,131,0.2454852153205001,335.5181927696829
1368,20230818,7445.22947427,0.2037294187661178,0.2035310454274945,-1.3812,-1.2213826621702042,55,600,0.1829002182106724,339.5760292946712
1369,20230821,6781.0550319,0.2660186470938306,0.2658202737552073,-0.703,-0.6383359849236263,61,787,0.1606824042848641,335.1571558630166
1370,20230822,8182.03213702,0.4962316541055137,0.4962316541055137,0.0,0.2071918088060293,53,637,0.1592621975406584,332.909364094198
1371,20230823,7057.78057655,0.1163528245787908,0.1163528245787908,-1.7825,-1.6982252527254706,54,1244,0.1268582755203171,333.2542445607737
1372,20230824,7855.689123530001,0.4390485629335976,0.4390485629335976,-0.1667,-0.0840139940535183,46,718,0.1248761149653121,327.45441223767057
1373,20230825,7661.2705537,0.1702338485929449,0.1700356718192628,-1.76755,-1.8999207491082049,34,1562,0.0957193816884661,327.0439252198578
1374,20230828,11263.76372063,0.6879334257975035,0.6875371507826431,0.8999,0.9168376857539132,74,619,0.1412720427977016,321.046805072771
1375,20230829,10369.01647917,0.9036860879904876,0.9036860879904876,3.305,3.6007299643281807,117,22,0.3789139912802219,323.963094221104
1376,20230830,9841.88803579,0.6075673534072901,0.6075673534072901,0.58355,0.7639849445324881,96,66,0.475039619651347,335.1491024565997
1377,20230831,8284.89047287,0.3343898573692551,0.3339936608557844,-0.58325,-0.4832498811410459,63,145,0.4480982567353407,337.4072280925445
1378,20230901,7450.53244556,0.501188589540412,0.5003961965134707,0.0281,0.0878833003169572,104,89,0.4801901743264659,335.6080042492604
1379,20230904,8846.26416157,0.7877947295423023,0.7873984545274421,1.2138,1.336501169011294,211,24,0.6667327125024767,335.80262886898845
1380,20230905,8037.153125930001,0.3110891089108911,0.3104950495049505,-0.5003,-0.4265601188118811,96,37,0.6207920792079208,340.0846180537967
1381,20230906,7711.53935803,0.5432587606414572,0.5430607800435557,0.2004,0.5370785587012473,127,65,0.6493763611166106,338.50856370631953
1382,20230907,7666.94991533,0.0904771332409423,0.0904771332409423,-1.715,-1.6892368441892691,55,238,0.4959413977430212,339.7567777446704
1383,20230908,6816.897213140001,0.5221694378463975,0.521575613618369,0.1167,0.308499089469517,76,213,0.5019794140934284,333.9737150403632
1384,20230911,8410.23540817,0.7203641401147833,0.7203641401147833,0.8305,0.9191209380566,73,40,0.6289333069463685,334.6837416380728
1385,20230912,7082.1210424,0.3913731697665216,0.3909774436090225,-0.1891499999999999,-0.0909826869806094,70,61,0.6341511673921646,337.6115900480583
1386,20230913,6980.82149404,0.1634349030470914,0.1632370399683419,-1.1531,-1.0812715472892758,52,171,0.4873367629600316,337.1387098386785
1387,20230914,6657.5566721,0.2318496538081108,0.2314540059347181,-0.8525,-0.7872457566765579,89,356,0.3986152324431256,333.37224413491174
1388,20230915,7215.438762850001,0.5088031651829872,0.5088031651829872,0.0697,0.1779612660731948,85,285,0.4269040553907022,330.63901552134195
1389,20230918,6984.13057648,0.6542037586547972,0.6538081107814046,0.5995,0.6902338278931751,97,132,0.5351137487636004,331.048447907328
1390,20230919,6347.7194217900005,0.2053412462908012,0.2049455984174085,-1.0823,-0.9858434223541048,83,367,0.3910979228486647,333.1832698170161
1391,20230920,5731.770499629999,0.210401423769033,0.2100059323709709,-0.6935,-0.6995221277437215,63,567,0.3161953727506427,329.7379158774636
1392,20230921,5789.2748678200005,0.199288256227758,0.1990905496243574,-0.761,-0.6900956306840649,45,759,0.2202451561882167,327.44125481159654
1393,20230922,7653.250824419999,0.8776438031231468,0.877248468076695,1.7045,1.869687428345523,49,25,0.3785333069776636,325.06551194078247
1394,20230925,7178.290807350001,0.3154150197628458,0.3146245059288537,-0.6598999999999999,-0.4287823913043478,74,234,0.3092885375494071,330.8747372716197
1395,20230926,6655.51342334,0.2938735177865613,0.2934782608695652,-0.5527500000000001,-0.4040521343873517,64,403,0.2685770750988142,329.0736497706444
1396,20230927,7164.543834360001,0.5632411067193676,0.5626482213438735,0.24065,0.4241321936758893,95,197,0.3130434782608696,327.49935791828847
1397,20230928,7170.59017882,0.7177307768333663,0.7175331093101404,0.8197,1.005554714370429,113,92,0.4540423008499703,328.58793662621025
1398,20231009,7698.376364219999,0.3251630757066614,0.3247677406602095,-0.7099,-0.473834315082032,119,377,0.3898003558015418,331.5867200282715
1399,20231010,7745.72029425,0.3627024891347293,0.3625049387593836,-0.39995,-0.2614576451995258,98,494,0.3625049387593836,329.62416713365667
1400,20231011,8386.1358813,0.4825133372851215,0.4821181584667062,0.0,0.2584667061845485,94,420,0.4117763287887769,328.534087412733
1401,20231012,8311.82341617,0.6341367048597393,0.6337416041090478,0.5102,0.5407865270644014,113,141,0.4822204662188858,328.9586630299476
1402,20231013,8083.437643740001,0.2499012248123271,0.2499012248123271,-0.9901,-0.6525382655077044,173,615,0.3992493085736863,330.6873186439756
1403,20231016,8128.04810939,0.2936993877147936,0.2936993877147936,-0.7576,-0.6009635789057871,138,785,0.3430772269405491,327.9713204263619
1404,20231017,7352.7676059,0.4217176702862784,0.4209279368213228,-0.1597,-0.1147095360315893,101,581,0.3368213228035538,325.74347097207743
1405,20231018,7665.423209260001,0.0961690363349131,0.0961690363349131,-2.0318,-1.8009998617693523,72,1463,0.2158372827804107,325.2965353984036
1406,20231019,8125.21418732,0.2240426371891038,0.2236478484011054,-0.7407,-0.8870655349388077,34,1508,0.1737070667193051,319.0625528188584
1407,20231020,7315.88247576,0.2526149595421353,0.2522202486678508,-0.7238,-0.9115535030590092,28,1470,0.127886323268206,316.4657576840177
1408,20231023,7210.05037826,0.0909629044988161,0.0909629044988161,-2.5993000000000004,-2.380196546961326,29,2546,0.0919494869771112,313.8780907568838
1409,20231024,8039.52902059,0.8888888888888888,0.8888888888888888,2.4194,2.448220959147424,51,215,0.1557134399052694,306.0633164114302
1410,20231025,8736.578679,0.7575458670349181,0.7569540343262972,1.2608,1.3989203393174194,90,193,0.2681002170053265,313.5123174803825
1411,20231026,8423.64667179,0.5470507003353718,0.5468534227658315,0.1969,0.3256514499901361,111,203,0.3049911225093706,317.681592917528
1412,20231027,9642.22388912,0.7579404221739988,0.7579404221739988,1.3158,1.4910942789504835,140,64,0.4856973762083251,318.5116178025991
1413,20231030,10379.67662311,0.7006708760852407,0.7006708760852407,0.9142,1.2919609905288083,204,76,0.6197711128650355,322.981759991546
1414,20231031,9181.94116291,0.3888779333464799,0.3886807335831197,-0.3322,-0.3342252810096627,162,129,0.5876552948136462,326.54450878927446
1415,20231101,8118.234815010001,0.5379459885669229,0.5379459885669229,0.1663,0.2311582101320717,153,128,0.6136408436822393,325.4564212091142
1416,20231102,7666.8638882,0.1685725552050473,0.1683753943217665,-1.0545,-1.0026976735015771,77,274,0.5270110410094637,326.10319784236304
1417,20231103,8094.55727802,0.7272368939692551,0.7268427276310603,0.9567,1.408265333070556,91,37,0.6653527788726843,322.7489041427494
1418,20231106,10640.224406909998,0.8810181531176007,0.8808208366219415,1.6473,2.0162061168113654,213,11,0.8443172849250198,326.5653539906699
1419,20231107,9928.53551057,0.5369749556300533,0.5365805561033327,0.1508,0.5363819167816998,249,25,0.8619601656478012,332.54722485008733
1420,20231108,10364.83360685,0.4251921939680662,0.4244037058939484,-0.1537,0.2161897693672383,224,47,0.8620145870293712,333.6898270470519
1421,20231109,9622.36107685,0.2705047318611987,0.2699132492113564,-0.5423,-0.603997417192429,88,28,0.8418769716088328,333.7940880487137
1422,20231110,8273.11001619,0.4087145110410095,0.4083201892744479,-0.15735,-0.1491531348580441,141,69,0.826301261829653,331.880951543692
1423,20231113,8684.852694860001,0.740441466298778,0.740441466298778,0.8798999999999999,1.0465540007883327,221,36,0.8837209302325582,331.3723387834529
1424,20231114,8933.787242209999,0.5579424517146235,0.5571541190382341,0.18185,0.5422068979109184,175,25,0.9036263303113914,334.5642066224528
1425,20231115,9899.19222565,0.6262566528681254,0.6258624088310665,0.3666,0.6225509560417899,196,6,0.945002956830278,335.7754242304481
1426,20231116,8505.44354046,0.1847397476340694,0.1845425867507886,-0.8568,-0.7180263998422713,127,49,0.8779574132492114,337.4360871399126
1427,20231117,8265.284815930001,0.700374531835206,0.6997831657796176,0.5376,0.796298915828898,233,49,0.8925684999014389,334.7790708484756
1428,20231120,9272.45385441,0.7286699507389163,0.7284729064039409,0.7067,0.9801649261083742,403,28,0.9075862068965516,337.01187804671054
1429,20231121,9979.27111131,0.2974197360646051,0.2972227693519795,-0.6211,-0.516123478432145,280,15,0.8763049044711444,339.85434563050507
1430,20231122,8753.16235665,0.1851851851851851,0.1851851851851851,-1.0453,-0.9642022852639875,312,70,0.7019306540583137,337.92189392501405
1431,20231123,8240.5751581,0.8120937561552097,0.8115028560173331,0.888,0.9421932440417572,256,19,0.805199921213315,334.5266198345988
1432,20231124,8131.174298350001,0.1806184754776442,0.1804215087650187,-1.2478,-1.1969566870198936,341,77,0.5966121725428403,337.5878616324658
1433,20231127,8285.62032357,0.4554046072061429,0.4552077180547352,-0.0694,-0.0024659775546367,359,131,0.576294546170506,333.4612607215522
1434,20231128,7723.010929949999,0.7237645205749164,0.7233707422721009,0.692,0.8334240204764718,263,71,0.6686355581807443,333.34143812416045
1435,20231129,7747.48914782,0.2371580397559535,0.2369612281047038,-0.7371,-0.5577254674276717,157,201,0.5552056681755559,335.8838733078343
1436,20231130,7729.86438788,0.2933070866141732,0.2931102362204724,-0.6207,-0.5330260433070866,136,213,0.4490157480314961,333.7093183415481
1437,20231201,8339.40605195,0.5853178508167683,0.5853178508167683,0.3231,0.6247020665223382,158,154,0.4947844912418815,331.78427268422365
1438,20231204,8510.06811943,0.4381889763779527,0.4381889763779527,-0.11505,0.0107613582677165,193,217,0.4948818897637795,333.35660178067224
1439,20231205,8223.6249109,0.0822672702223971,0.0822672702223971,-1.8051,-1.7761641999606377,98,439,0.3013186380633733,333.18277524461126
1440,20231206,8168.85023326,0.6239669421487604,0.6239669421487604,0.3704,0.5102452380952381,159,190,0.3528138528138528,327.216697519476
1441,20231207,8199.38304735,0.3393700787401574,0.3387795275590551,-0.4626,-0.3041561811023622,122,291,0.3226377952755905,328.6575066519549
1442,20231208,9615.79246854,0.2589022230965965,0.258312020460358,-1.139,-0.8387006885697423,101,423,0.243556954554397,327.3975057784995
1443,20231211,9112.94153583,0.7698209718670077,0.7692307692307693,0.9656,1.0663483375959082,156,176,0.3067086366319103,324.16003441542875
1444,20231212,7873.351715549999,0.5744638992720834,0.5744638992720834,0.2392,0.4584036789297659,177,143,0.3582530001967342,327.4534166306561
1445,20231213,7683.868069470001,0.2674532940019665,0.2674532940019665,-0.7042,-0.5934716224188791,151,412,0.3329400196656834,328.5955801712544
1446,20231214,7368.2914307,0.3749508454581203,0.3743609909555643,-0.2531,-0.2541693079040503,146,355,0.3354305937868659,326.4635343730519
1447,20231215,7330.18790673,0.2945340149429807,0.2941407786079433,-0.48195,-0.4126844081793158,137,348,0.2996460872984663,325.63550971736527
1448,20231218,6925.46624963,0.1272119543845851,0.1268187180495477,-1.4701499999999998,-1.3354374360990957,143,810,0.2259142744789618,324.1788860597744
1449,20231219,6426.508882360001,0.5240999409797363,0.5235097383434979,0.1116,0.1908349399960653,100,507,0.2289986228605154,319.6313250108849
1450,20231220,6634.99857385,0.1936688950058985,0.1934722768383798,-1.0016500000000002,-0.9754058788832088,170,853,0.195831694848604,320.1146634138875
1451,20231221,7323.67363083,0.694651985843492,0.694651985843492,0.5882,0.6986012190326387,93,246,0.2225717656311443,316.9502405277918
1452,20231222,7793.290518399999,0.1863940228077074,0.1861974046401887,-1.30285,-1.2887544632324026,66,592,0.1649626425481714,318.989500307211
1453,20231225,6079.88438389,0.3556822650412898,0.3556822650412898,-0.44235,-0.3385430790405033,107,682,0.1787259142744789,314.8560272436088
1454,20231226,6097.91712745,0.1301100628930817,0.1299135220125786,-1.4368,-1.285825766509434,83,1093,0.1615566037735849,313.62668278076524
1455,20231227,6367.08491688,0.7207702888583218,0.7201807820789939,0.7321,0.7790810964826096,88,356,0.187856160345844,309.3572423427463
1456,20231228,8842.445994650001,0.8419189933149823,0.8415257569799449,1.7442,1.9376393432953207,107,25,0.3470310656704679,311.69471642618805
1457,20231229,8224.5895759,0.8058557673413245,0.8058557673413245,1.2461,1.547348339555905,248,26,0.5337001375515819,317.43276577636414
1458,20240102,7875.734225880001,0.5203379838868147,0.5203379838868147,0.1414,0.1483478286500294,348,44,0.6038514442916093,321.8664259387573
1459,20240103,7372.421312679999,0.3666011787819253,0.3662082514734774,-0.3643499999999999,-0.4222751473477406,209,92,0.5695481335952849,322.33272642891274
1460,20240104,6732.63618499,0.349901768172888,0.349705304518664,-0.3674,-0.33133442043222,206,159,0.543614931237721,321.06495128680206
1461,20240105,7361.15933522,0.0948733058338243,0.0948733058338243,-1.6819,-1.666350815164015,78,388,0.3973679041445688,319.94325562350963
1462,20240108,6573.431684200001,0.0722986247544204,0.0722986247544204,-1.9708,-1.9409154616895872,44,979,0.2204322200392927,314.5870042912714
1463,20240109,6740.26068995,0.6719701433902966,0.6719701433902966,0.5346,0.5542984089569829,84,471,0.2806914162247103,308.43413004760754
1464,20240110,6467.83602517,0.2203023758099352,0.2203023758099352,-0.8731,-0.8841565285686235,57,785,0.2438641272334576,310.1133972149919
1465,20240111,7118.76530974,0.8511974872398901,0.8510011778563016,1.4959,1.699123301923832,61,76,0.3686690223792697,307.3886532557287
1466,20240112,6765.300538399999,0.274995089373404,0.274995089373404,-0.7833,-0.7410519740718916,63,260,0.3402082105676684,312.29922280522385
1467,20240115,6107.76797929,0.3872741555380989,0.3872741555380989,-0.26905,-0.1800524744697565,92,430,0.3189316575019638,309.91895312130254
1468,20240116,6846.580205220001,0.2732626619552414,0.2726737338044758,-0.58325,-0.3885744405182567,95,697,0.2897526501766784,309.22302627764327
1469,20240117,6373.145409389999,0.0469179426776599,0.0467216332940714,-2.5652,-2.5017204946996467,48,1613,0.1597958382410679,307.7204738051051
1470,20240118,8645.259265109999,0.282182103610675,0.2819858712715855,-0.9822,-0.6785768249607536,57,1492,0.140502354788069,299.9244979282962
1471,20240119,6664.79705814,0.1611067503924646,0.1609105180533752,-1.28835,-1.281412284144427,41,1848,0.1228414442700157,297.4339596513097
1472,20240122,7937.882285680001,0.0245290423861852,0.0245290423861852,-6.1275,-5.733881338304552,17,3273,0.054160125588697,293.6122867936313
1473,20240123,7039.763086850001,0.5467032967032966,0.5467032967032966,0.27165,0.2793461538461538,16,1633,0.0655416012558869,276.1990502972768
1474,20240124,7664.161816400001,0.7712379831273298,0.7710417892878164,1.3567,1.5247962134588977,47,461,0.1039827349421228,276.95997336932567
1475,20240125,8908.51536985,0.9484111416241664,0.948018830914084,3.51135,3.625422950176539,77,32,0.1975284425264809,280.9502689420426
1476,20240126,8281.46810676,0.4109454688112985,0.4107493134562573,-0.32765,-0.3644077873675951,94,207,0.2173401333856414,290.97566034069456
1477,20240129,8047.813565350001,0.0929594038046675,0.0929594038046675,-3.1519,-3.0193637379878404,76,1025,0.1529711708178074,289.9688004823285
1478,20240130,6632.411733310001,0.044714649931359,0.044714649931359,-3.2464,-3.1883625416748385,23,2367,0.0976662090606001,281.0214307645064
1479,20240131,7579.470970120001,0.06,0.06,-5.085649999999999,-4.736905098039216,31,3503,0.0672549019607843,271.9798998840498
1480,20240201,7027.20740058,0.2113725490196078,0.2109803921568627,-1.5738,-1.4741507843137254,9,3114,0.0580392156862745,258.62221212319844
1481,20240202,8052.90040878,0.072156862745098,0.0286274509803921,-4.844290657439449,-4.264838679206202,22,3938,0.0458823529411764,254.6808732517892
1482,20240205,8769.190381150001,0.0741321827809374,0.0347126887625024,-9.839816933638446,-8.244111234875504,42,4267,0.0417728966464012,243.0812681816872
1483,20240206,9259.80574354,0.7031372549019608,0.5884313725490196,3.288343583554054,2.5743488943552566,53,1379,0.0927450980392156,221.10194721714268
1484,20240207,10216.308939720002,0.4179572632817094,0.3142521074299157,-1.342281879194629,-1.3755006619811163,84,2080,0.1585963536561458,227.5832108311479
1485,20240208,10171.18909594,0.9151479521849892,0.8191260043111895,7.173725151253252,6.927206151718764,36,43,0.2206545169508132,224.49060244583984
1486,20240219,9570.0617627,0.7903194199490495,0.6106212032137958,3.102475712942643,3.294596332349098,91,4,0.2608269645306682,240.3182352620978
1487,20240220,7891.97553819,0.6558886929257299,0.279835390946502,0.7156488549618256,1.2671984669455845,101,1,0.2886537330981775,248.00490058594283
1488,20240221,9799.17618155,0.7811091514795219,0.3515579071134627,1.2765957446808418,1.671778896017772,64,1,0.3582206545169508,250.46367985067656
1489,20240222,8221.31818342,0.881050362531844,0.4587497550460513,1.751592356687892,2.2961204402966366,106,1,0.4826572604350382,254.15598366111547
1490,20240223,9215.14019218,0.8547628381027048,0.551156409251274,2.360063748759067,2.7349787100711067,84,1,0.6936495491963935,259.29973579859194
1491,20240226,9887.47011746,0.6996667320133307,0.3342481866300725,1.0909090909090755,1.4687418178380498,50,0,0.851597725936091,265.9054516158783
1492,20240227,9897.12300878,0.9388475107800862,0.5784006272050176,2.3441481906218087,2.737948223895584,85,0,0.9484515876127008,269.3085772702253
1493,20240228,13563.081185939998,0.0464523716189729,0.0219521756174049,-6.365621910411445,-6.032897057892392,20,5,0.5711485691885535,276.15183804494427
1494,20240229,10523.03618497,0.9778518228145824,0.7998823990591925,3.444035019298275,3.758538016848085,106,1,0.8371226969815758,259.0324690342832
1495,20240301,10549.84745786,0.6684303350970018,0.2878698804624731,0.7470119521912455,1.1615627422559622,94,6,0.8984910836762688,268.36097041904696
1496,20240304,10767.90951325,0.4007446600039193,0.1726435430139133,-0.4206098843322681,0.2016151212489314,130,7,0.9004507152655301,270.9219052046424
1497,20240305,10667.51185314,0.1775426219870664,0.0715265530080345,-1.9461077844311392,-1.5256254707453614,103,13,0.8381344307270233,270.62525281242057
1498,20240306,9315.17214043,0.6337972946481082,0.2417173103313075,0.6557377049180246,1.000425814207084,124,3,0.9041364438345424,265.9275593630234
1499,20240307,9814.08613964,0.2928837482846501,0.09860811605567536,-1.0073260073260037,-0.8066456109922184,100,10,0.8764948049402078,268.1296569757585
